@relation delta_ail
@attribute RollRate real [-0.0208, 0.0177]
@attribute PitchRate real [-0.0077, 0.0108]
@attribute currPitch real [-0.0060, 0.041]
@attribute currRoll real [-0.05, 0.051]
@attribute diffRollRate real [-0.0015, 8.2E-4]
@attribute Sa real [-0.0021, 0.0022]
@inputs RollRate, PitchRate, currPitch, currRoll, diffRollRate
@outputs Sa
@data
0.0020, 0.0025, 0.015, 0.01, -4.0E-5, -1.0E-4
0.0061, 0.0018, 0.019, -0.0080, -1.0E-5, -1.0E-4
0.0056, 0.0013, 0.014, 0.01, -4.0E-5, -1.0E-4
0.0044, 4.0E-4, 0.0080, 0.01, 8.0E-5, -2.0E-4
0.0067, 2.0E-4, 0.01, 0.0, 4.0E-5, -2.0E-4
-0.0038, 8.0E-4, 0.011, 0.015, -2.0E-4, 1.0E-4
0.0050, 0.0010, 0.012, -0.022, 1.6E-4, -1.0E-4
0.0054, 0.0014, 0.012, 0.015, -1.4E-4, -1.0E-4
-0.0036, 0.0015, 0.015, 0.019, -1.7E-4, 1.0E-4
-0.0061, 0.0014, 0.017, 0.0020, -3.0E-5, 1.0E-4
0.0065, -1.0E-4, 0.012, -0.0030, 1.4E-4, -2.0E-4
0.0051, 0.0011, 0.0080, -0.0070, 1.1E-4, -1.0E-4
0.0039, 2.0E-4, 0.0080, 0.01, 1.0E-5, -1.0E-4
-0.0059, 8.0E-4, 0.011, 0.0060, -1.6E-4, 1.0E-4
0.0059, 0.0021, 0.0030, 0.0030, 1.0E-5, -2.0E-4
0.0084, 0.0023, 0.0040, 0.0020, 4.0E-5, -3.0E-4
0.0042, 0.0028, 0.0090, 0.017, -2.8E-4, 1.0E-4
0.0040, 0.0013, 0.0040, -0.0070, 1.1E-4, -2.0E-4
-0.0059, 8.0E-4, 0.0090, -0.014, -3.0E-5, 2.0E-4
0.0055, 1.0E-4, 0.01, 0.013, 9.0E-5, -3.0E-4
-0.0045, 0.0021, 0.013, 0.0050, -1.8E-4, 3.0E-4
-0.0047, 9.0E-4, 0.011, 0.0080, -1.1E-4, 2.0E-4
0.0031, -5.0E-4, 0.0060, -0.0070, 1.4E-4, -2.0E-4
-0.0030, 0.0010, 0.0060, -0.012, 0.0, 1.0E-4
-0.0071, 4.0E-4, 0.012, 0.0010, -7.0E-5, 2.0E-4
0.0043, -5.0E-4, 0.013, -0.0030, 3.0E-5, -2.0E-4
0.0084, 0.0014, 0.011, 0.018, 3.0E-5, -1.0E-4
0.0052, 0.0025, 0.01, 0.024, -1.0E-4, -1.0E-4
-0.0049, 7.0E-4, 0.016, 0.017, -6.0E-5, 1.0E-4
0.0047, 0.0021, 0.0060, -0.0060, 2.2E-4, -2.0E-4
-0.0042, -2.0E-4, 0.013, -0.013, 7.0E-5, 1.0E-4
0.0057, 9.0E-4, 0.02, 0.025, -2.2E-4, -1.0E-4
0.0088, -0.0025, 0.013, -0.0040, 3.1E-4, -2.0E-4
-0.0048, 0.0051, 0.01, 0.021, -2.0E-4, 1.0E-4
0.0039, 0.0021, 0.01, -0.0070, 1.4E-4, -2.0E-4
0.0073, 0.0026, 0.0070, 0.0060, 3.0E-5, -1.0E-4
0.0049, -0.0019, 0.0030, 0.014, -9.0E-5, -3.0E-4
0.0044, 0.0, 0.017, 0.012, -1.0E-4, 1.0E-4
0.0034, 0.0016, 0.012, -0.0070, 1.5E-4, -2.0E-4
0.0038, 0.0014, 0.0060, -0.0070, 1.0E-4, -2.0E-4
0.0089, -0.0033, 0.013, 0.034, -1.9E-4, -2.0E-4
-0.0038, 0.0039, 0.013, -0.0060, -1.6E-4, 1.0E-4
-0.0072, -0.0025, 0.0070, 0.0060, -1.1E-4, 2.0E-4
-0.0037, -5.0E-4, 0.0030, -0.011, 2.1E-4, 1.0E-4
0.0070, 0.0040, 0.0060, 0.0030, 1.6E-4, -2.0E-4
0.0049, 0.0016, 0.019, 0.0040, 2.0E-5, 1.0E-4
-0.0011, -0.0018, 0.0030, 0.031, -2.3E-4, -1.0E-4
0.0088, -2.0E-4, 0.017, 0.012, -1.0E-5, -3.0E-4
-0.0042, 0.0017, 0.018, -0.01, 1.2E-4, 1.0E-4
2.0E-4, 8.0E-4, 0.02, -0.0090, -7.0E-5, 3.0E-4
-0.0020, 0.0016, 0.022, -0.016, 6.0E-5, 1.0E-4
-5.0E-4, 0.0013, 0.012, -0.01, -1.0E-5, 1.0E-4
-0.0060, 0.0023, 0.0070, -0.011, 5.0E-5, 1.0E-4
0.0070, 0.0019, 0.0060, 0.01, -7.0E-5, -1.0E-4
-0.0051, -0.0020, 0.011, -0.013, 2.4E-4, 2.0E-4
-0.0078, 0.0, 0.0040, -0.012, -8.0E-5, 2.0E-4
-0.0047, 0.0015, 0.0050, -0.031, 1.7E-4, 2.0E-4
0.0077, -2.0E-4, 0.0080, -0.041, 4.3E-4, -3.0E-4
0.0059, -2.0E-4, 0.0090, -0.011, 2.4E-4, -2.0E-4
0.0054, 6.0E-4, 0.0080, 0.011, -6.0E-5, -1.0E-4
0.0052, 0.0012, 0.0080, -0.0080, 1.9E-4, -2.0E-4
0.0019, 0.0021, 0.0080, 0.03, -2.9E-4, 1.0E-4
-0.0063, -0.0023, 0.0090, 0.023, -1.9E-4, 3.0E-4
0.0075, -0.0010, 0.013, -0.024, 4.1E-4, -2.0E-4
0.0079, 0.0039, 0.013, 0.021, -2.5E-4, -1.0E-4
0.0063, -0.0018, 0.01, -0.012, 3.3E-4, -3.0E-4
0.0060, 0.0017, 0.014, -0.032, 2.2E-4, 1.0E-4
0.0056, 0.0025, 0.0080, 0.011, 3.0E-5, -2.0E-4
0.0035, 0.0010, 0.0060, -0.0020, 6.0E-5, -1.0E-4
0.0022, 0.0012, 0.01, 0.011, -6.0E-5, -1.0E-4
-0.0040, -2.0E-4, 0.014, 0.0050, -8.0E-5, 2.0E-4
-0.0022, -6.0E-4, 0.01, -0.013, 2.0E-5, 1.0E-4
-0.0021, 4.0E-4, 0.0080, -0.01, 4.0E-5, 1.0E-4
0.0052, 4.0E-4, 0.0020, 0.019, -1.0E-4, -2.0E-4
0.0042, -9.0E-4, -0.0020, 0.01, 5.0E-5, -1.0E-4
0.0041, 0.0014, 0.01, -0.0050, 6.0E-5, -1.0E-4
0.0023, -1.0E-4, 0.015, 0.01, -8.0E-5, -1.0E-4
-0.0050, 0.0029, 0.02, 0.011, -1.1E-4, 1.0E-4
0.0058, 4.0E-4, 0.0050, 0.011, 0.0, -1.0E-4
-0.0040, 0.0011, 0.01, 0.028, -2.6E-4, 1.0E-4
0.0056, 0.0014, 0.0020, 0.014, -1.0E-5, -2.0E-4
-0.0043, 0.0096, 0.014, -0.01, 3.4E-4, 3.0E-4
0.0096, -8.0E-4, 0.012, -0.013, 2.8E-4, -1.0E-4
0.0122, 0.0066, 0.017, 0.0030, 1.2E-4, -9.0E-4
0.0075, 0.0042, 0.023, 0.025, -5.4E-4, -2.0E-4
0.0118, 0.0040, 0.0090, -0.026, 4.4E-4, -8.0E-4
-0.0095, 0.0041, 0.023, 0.0040, -2.7E-4, 1.0E-4
0.0133, 0.0024, 0.022, -0.0010, 0.0, -6.0E-4
0.01, -1.0E-4, 0.01, 0.019, -2.2E-4, -1.0E-4
-0.0044, 0.0013, 0.018, 0.025, -2.5E-4, 1.0E-4
-0.0085, 0.0036, 0.01, -0.011, -3.0E-5, 5.0E-4
0.0064, 8.0E-4, 0.0090, 0.019, -3.9E-4, -1.0E-4
-0.0051, 0.0026, 0.012, 0.021, -4.5E-4, 1.0E-4
0.0084, -0.0011, 0.014, -0.038, 3.9E-4, -2.0E-4
0.0035, -1.0E-4, 0.011, 0.01, 1.5E-4, -7.0E-4
-0.0119, 0.0029, 0.01, -0.013, -4.0E-5, 2.0E-4
0.0036, 0.0036, 0.015, 0.03, -2.0E-5, 1.0E-4
-0.0133, -0.0014, 0.0070, 0.0020, -4.0E-4, 5.0E-4
-0.0094, 5.0E-4, 0.0040, -0.031, 3.4E-4, 1.0E-4
0.0113, 0.0016, 0.011, -0.022, 2.4E-4, -2.0E-4
0.0096, -4.0E-4, 0.019, 0.0010, 1.5E-4, -6.0E-4
0.0015, -0.0023, 0.0070, 0.01, 4.0E-5, -1.0E-4
0.0011, -0.0010, 0.0060, 0.01, -1.0E-5, -2.0E-4
0.0057, 0.0029, 0.01, 0.014, -7.0E-5, -1.0E-4
-0.0047, -0.0011, 0.014, 0.0060, -5.0E-5, 1.0E-4
0.0048, -0.0016, 0.0090, 0.012, 4.0E-5, -1.0E-4
-0.0050, 4.0E-4, 0.0070, 0.0040, -6.0E-5, 1.0E-4
0.0010, -6.0E-4, 0.011, 0.011, -1.1E-4, -1.0E-4
0.0033, 0.0010, 0.011, 0.01, 7.0E-5, -2.0E-4
-0.0054, 0.0027, 0.013, -0.013, -2.0E-5, 1.0E-4
0.0058, 3.0E-4, 0.013, 0.012, -1.0E-5, -2.0E-4
-0.0051, -2.0E-4, 0.01, 0.0060, -1.1E-4, 2.0E-4
0.0039, -0.0010, 0.0090, -0.0060, 1.6E-4, -2.0E-4
0.0014, 0.0011, 0.0060, 0.01, 2.0E-5, -2.0E-4
-0.0038, -1.0E-4, 0.011, 0.0040, -6.0E-5, 2.0E-4
0.0050, -5.0E-4, 0.0040, 0.014, 3.0E-5, -2.0E-4
0.0049, 0.0038, 0.013, 0.03, -9.0E-5, -1.0E-4
0.0038, 0.0025, 0.0090, 0.01, -1.4E-4, -3.0E-4
-0.0039, 0.0011, 0.0090, -0.029, 1.3E-4, 1.0E-4
-0.0065, 5.0E-4, 0.012, 0.0020, -9.0E-5, 2.0E-4
0.0050, -0.0017, 0.011, -0.0040, 1.3E-4, -1.0E-4
-0.0068, 0.0015, 0.0080, 0.0060, -1.6E-4, 2.0E-4
0.0040, 3.0E-4, 0.01, 0.029, -5.0E-5, -1.0E-4
0.0024, 0.0025, 0.011, 0.011, 0.0, -1.0E-4
-0.0021, 6.0E-4, 0.0060, -0.013, 3.0E-5, 1.0E-4
-0.0029, 0.0019, 0.0050, -0.012, -3.0E-5, 2.0E-4
-0.0034, 8.0E-4, 0.01, -0.01, 1.1E-4, 1.0E-4
0.0043, 7.0E-4, 0.011, 0.013, -9.0E-5, -2.0E-4
0.0050, 6.0E-4, 0.0010, -0.0060, 6.0E-5, -1.0E-4
-0.0041, -0.0013, 0.0050, 0.0060, -1.9E-4, -1.0E-4
0.0034, -0.0023, 0.0030, -0.0060, 1.2E-4, -4.0E-4
0.0045, -2.0E-4, 0.012, 0.01, -3.0E-5, -2.0E-4
-0.0041, -0.0018, 0.0080, 0.012, -1.6E-4, 2.0E-4
0.0083, 0.0012, 0.017, -0.0050, 5.0E-5, -5.0E-4
-0.0033, 0.0017, 0.023, 0.0060, -2.0E-5, 1.0E-4
-0.0031, 0.0029, 0.016, -0.012, -9.0E-5, 6.0E-4
-0.0051, 0.0020, 0.029, 0.012, -1.2E-4, 1.0E-4
-0.0041, 0.0018, 0.0090, 0.0070, -1.0E-5, -1.0E-4
-0.0060, 5.0E-4, 0.022, -0.012, -1.2E-4, 1.0E-4
0.0064, 0.0019, 0.016, 0.01, -1.3E-4, -1.0E-4
0.0085, 1.0E-4, 0.0080, -0.0060, 4.5E-4, -6.0E-4
0.0086, 0.0031, 0.011, 0.014, -4.1E-4, -1.0E-4
-0.0045, 0.0022, 0.019, -0.0020, -1.4E-4, 1.0E-4
-0.0055, -0.0038, 0.011, -0.011, 3.7E-4, 2.0E-4
-0.0069, 0.0015, 0.01, 0.0060, -1.0E-4, 2.0E-4
-0.0054, -0.0012, 0.0090, -0.031, 3.5E-4, 2.0E-4
0.0049, 3.0E-4, 0.0030, -0.032, 4.8E-4, -2.0E-4
0.0061, 0.0, 0.0010, 0.01, 1.0E-4, -3.0E-4
-0.0068, 0.0016, 0.0050, 0.0060, -1.1E-4, 2.0E-4
0.0071, 0.0044, 0.0010, -0.0090, 2.2E-4, -2.0E-4
-0.0075, 3.0E-4, 0.014, 0.0060, -2.8E-4, 7.0E-4
0.0084, -0.0018, 0.0070, -0.0040, 4.6E-4, -9.0E-4
0.0129, 0.0067, 0.0030, 0.0070, 2.0E-5, -3.0E-4
0.0079, 0.0057, 0.014, 0.029, -3.1E-4, -2.0E-4
0.0059, 0.0029, 0.0060, 0.011, -2.0E-4, -1.0E-4
0.0083, -1.0E-4, 0.0040, -0.0040, 3.0E-4, -4.0E-4
0.0048, 5.0E-4, 0.0040, 0.012, 0.0, -1.0E-4
0.0035, 7.0E-4, 0.0060, 0.011, -4.0E-5, -4.0E-4
0.0077, -0.0015, 0.0070, -0.0090, 4.5E-4, -5.0E-4
-0.0078, -0.0022, 0.014, 0.021, -4.6E-4, 5.0E-4
-0.0080, 0.0015, 0.0090, 0.011, -3.8E-4, 3.0E-4
-0.0041, 4.0E-4, 0.017, 0.0, -2.1E-4, 1.0E-4
-0.0128, 9.0E-4, 0.0070, 0.0040, -3.8E-4, 4.0E-4
-0.0061, 0.0024, 0.018, -0.012, -4.0E-4, 0.0012
0.0138, 0.0037, 0.0070, 0.012, 1.3E-4, -5.0E-4
0.0038, 0.0043, 0.013, 0.046, -4.7E-4, -2.0E-4
0.0076, 0.0057, 0.0050, 0.023, -3.9E-4, 2.0E-4
0.0043, 0.0031, 0.017, 0.011, -2.5E-4, -2.0E-4
-0.0034, 0.0022, 0.016, -0.011, 3.9E-4, 2.0E-4
0.0069, 0.0019, 0.0090, 0.0010, 4.9E-4, -4.0E-4
0.0032, 0.0026, 0.0090, 0.027, -4.7E-4, -2.0E-4
0.0141, 0.0072, 0.0040, -0.03, 1.4E-4, -0.0011
-0.0051, 0.0069, 0.017, -0.01, -9.1E-4, 2.0E-4
0.0095, 0.0012, 0.01, 0.022, -4.6E-4, -3.0E-4
0.0053, 0.0054, 0.0060, -0.012, 4.4E-4, -5.0E-4
-0.0125, 0.0017, 0.0050, 0.023, -5.1E-4, 9.0E-4
-0.0155, 0.0046, 0.014, -0.0040, -5.4E-4, 0.0010
0.0128, -0.0023, 0.0090, -0.021, 8.2E-4, -8.0E-4
8.0E-4, 0.0012, 0.0090, 0.029, -8.2E-4, 7.0E-4
0.0050, 0.0023, 0.011, -0.02, 4.4E-4, -3.0E-4
0.0069, 0.0048, 0.012, -0.0050, 9.0E-5, -4.0E-4
0.0079, 0.0016, 0.0020, -0.0040, 1.9E-4, -1.0E-4
0.0030, 0.0022, 0.0030, 0.031, -2.8E-4, -1.0E-4
0.0115, 0.0022, 0.012, 0.034, -1.1E-4, -3.0E-4
-0.0041, 0.0027, 0.0090, 0.0040, -3.4E-4, 3.0E-4
0.0097, 0.0013, 0.01, -0.0060, 3.7E-4, -6.0E-4
0.0036, -0.0045, 0.0060, 0.013, 3.2E-4, -1.0E-4
-0.0093, 0.0041, 0.0050, 0.029, -7.0E-4, 4.0E-4
-0.0055, 0.0047, 0.033, 0.0060, -1.9E-4, 2.0E-4
-2.0E-4, 4.0E-4, 0.027, -0.0040, -1.2E-4, 5.0E-4
-0.0041, 0.0029, 0.028, 0.012, -1.2E-4, -1.0E-4
-0.0038, 5.0E-4, 0.015, -0.028, 2.5E-4, 1.0E-4
-0.0058, 0.0023, 0.018, 0.011, -1.4E-4, -1.0E-4
0.0037, 0.0042, 0.016, -0.016, 1.0E-5, 3.0E-4
0.0038, -1.0E-4, 0.011, -0.014, 6.0E-5, 1.0E-4
-0.0071, 0.0024, 0.01, 0.0060, -1.0E-4, 2.0E-4
5.0E-4, 0.0058, 0.015, 0.011, -3.5E-4, 1.0E-4
-0.0053, -7.0E-4, 0.014, 0.0020, -1.5E-4, 3.0E-4
0.0054, 0.0025, 0.0070, -0.0050, 1.9E-4, -5.0E-4
0.0069, -1.0E-4, 0.0070, -0.0060, 2.1E-4, -2.0E-4
-7.0E-4, -5.0E-4, 0.0030, -0.0090, 1.1E-4, 2.0E-4
0.0071, 0.0041, 0.0060, 0.019, -2.0E-5, -2.0E-4
0.0038, 0.0058, 0.018, 0.032, -1.7E-4, 1.0E-4
0.0080, 0.0021, 0.011, 0.019, -1.0E-5, -1.0E-4
0.0030, 0.0022, 0.0050, 0.028, 0.0, -2.0E-4
-0.0067, 8.0E-4, 0.0080, 0.0030, -2.0E-5, 2.0E-4
-0.0036, 0.0026, 0.011, -0.012, 1.6E-4, 1.0E-4
0.0056, 0.0045, 0.018, -0.0070, 2.0E-5, -5.0E-4
0.0063, 0.0021, 0.013, 0.0090, 3.0E-4, -1.0E-4
0.0102, 0.0041, 0.013, 0.011, -2.8E-4, -1.0E-4
-0.0083, 0.0047, 0.017, 0.0070, -2.4E-4, 0.0010
0.0040, 0.0017, 0.011, -0.01, 4.9E-4, -4.0E-4
0.0074, 0.0058, 0.017, 0.011, -8.0E-5, -5.0E-4
-0.0059, 0.0014, 0.019, 0.0070, -4.0E-5, 4.0E-4
0.0071, 0.0024, 0.01, 0.0090, 1.3E-4, -4.0E-4
-0.0042, 0.0044, 0.015, 0.021, -3.2E-4, 6.0E-4
-0.0103, 0.0021, 0.015, -0.0020, -2.6E-4, 3.0E-4
0.0091, 0.0023, 0.016, -0.0060, 2.7E-4, -5.0E-4
0.0080, 0.0026, 0.019, 0.015, -1.9E-4, -2.0E-4
-0.0068, 0.0012, 0.02, 0.02, -2.8E-4, 9.0E-4
0.0090, -0.0018, 0.014, 0.01, 2.2E-4, -9.0E-4
-0.0102, -0.0015, 0.0090, 0.013, -3.9E-4, 1.0E-4
-0.0133, 0.0019, 0.0090, -0.01, 1.8E-4, 3.0E-4
-0.0049, 0.0014, 0.0080, 0.013, -4.9E-4, 1.0E-4
-0.0105, 0.0026, 0.01, 0.0020, -2.8E-4, 4.0E-4
0.0068, 7.0E-4, 0.013, -0.0090, 1.4E-4, -2.0E-4
0.0054, 1.0E-4, 0.011, 0.011, -1.1E-4, -2.0E-4
0.0055, 0.0037, 0.0080, -0.011, 1.4E-4, -1.0E-4
-0.0092, -2.0E-4, 0.011, -0.011, -2.8E-4, 7.0E-4
0.012, 0.0010, 0.011, -0.0050, 2.0E-5, -1.0E-4
-0.0091, -0.0010, 0.012, 0.0050, -1.3E-4, 3.0E-4
0.0066, 0.0018, 0.011, -0.0080, 1.6E-4, -3.0E-4
0.0054, -0.0014, 0.0090, 0.0, 3.8E-4, -3.0E-4
0.0059, 0.0014, 0.0070, 0.01, 9.0E-5, -4.0E-4
-0.0048, 0.0025, 0.014, 0.016, -2.8E-4, 3.0E-4
-0.0057, 1.0E-4, 0.012, 0.0040, -7.0E-5, 1.0E-4
-0.0055, -6.0E-4, 0.0080, -0.012, 4.0E-5, 2.0E-4
0.0061, -7.0E-4, 0.0020, 0.0050, 2.1E-4, -2.0E-4
-0.0040, 9.0E-4, 0.0090, 0.0050, -5.0E-5, 3.0E-4
-0.0037, 0.0, 0.0090, -0.012, 2.0E-5, 2.0E-4
-0.0093, -6.0E-4, 0.0020, 0.0040, -1.8E-4, 3.0E-4
0.0050, -1.0E-4, 0.011, -0.0070, 1.7E-4, -2.0E-4
-0.0086, 0.0016, 0.011, -0.012, 1.4E-4, 2.0E-4
3.0E-4, 0.0015, 0.0040, 0.027, -3.9E-4, -2.0E-4
-0.0054, 4.0E-4, 0.012, 0.0070, -1.6E-4, 2.0E-4
-0.0053, 0.0024, 0.0090, 0.0070, -1.9E-4, 4.0E-4
-0.0047, 0.0023, 0.013, 0.03, -2.6E-4, 1.0E-4
-0.0092, 3.0E-4, 0.011, 0.0030, -5.0E-5, 2.0E-4
0.0055, 4.0E-4, 0.0090, 0.011, -2.3E-4, -3.0E-4
0.0050, 0.0025, 0.0090, 0.027, -3.7E-4, -3.0E-4
-0.0142, -3.0E-4, 0.013, -0.011, 5.0E-5, 1.0E-4
0.0087, 0.0010, 0.0070, -0.025, 1.4E-4, -1.0E-4
-0.0089, 8.0E-4, 0.013, 0.0080, -2.8E-4, 1.0E-4
-0.0036, 0.0013, 0.0090, 0.0060, -6.0E-5, 1.0E-4
0.0039, 7.0E-4, 0.0050, 0.0070, 7.0E-5, -1.0E-4
0.0082, 0.0014, 0.011, 0.017, -2.2E-4, -2.0E-4
-0.0074, 0.0027, 0.022, 0.0, -1.6E-4, 1.0E-4
-0.0046, -1.0E-4, 0.017, -0.013, 4.5E-4, 1.0E-4
0.0013, 0.0018, 0.011, 0.011, -5.0E-5, -1.0E-4
0.0070, 0.0011, 0.018, -0.0060, 5.0E-4, -0.0013
-0.0051, 0.0016, 0.023, 0.0090, -2.7E-4, 7.0E-4
0.0039, 0.0048, 0.013, 0.01, -2.0E-5, -3.0E-4
0.0087, 0.0045, 0.013, -0.013, 3.8E-4, -2.0E-4
0.0039, 6.0E-4, 0.029, -0.0070, 3.0E-5, -2.0E-4
-3.0E-4, 0.0012, 0.026, -0.02, 7.0E-5, 1.0E-4
-0.0047, 0.0014, 0.014, -0.0010, -1.2E-4, 1.0E-4
-0.0064, 0.0010, 0.011, 0.015, -2.2E-4, 2.0E-4
0.0041, 8.0E-4, 0.01, -0.013, 1.6E-4, -1.0E-4
0.0024, 0.0015, 0.01, 0.01, 8.0E-5, -4.0E-4
0.0049, 0.0030, 0.0080, 0.02, 1.2E-4, -1.0E-4
-0.0038, 0.0019, 0.01, 0.0050, -1.3E-4, 3.0E-4
0.0053, 7.0E-4, 0.011, 0.012, 4.0E-5, -2.0E-4
0.0030, -2.0E-4, 0.01, 0.011, 5.0E-5, -1.0E-4
0.0019, 0.0019, 0.011, 0.027, -3.0E-5, -2.0E-4
0.0038, 0.0028, 0.011, -0.0060, 3.0E-5, -1.0E-4
-0.0015, -0.0010, 0.0060, -0.0090, 4.0E-5, -1.0E-4
0.0035, 0.0014, 0.0070, -0.0070, 2.1E-4, -2.0E-4
0.0060, -3.0E-4, 0.011, 0.018, -4.0E-5, -4.0E-4
0.0055, -0.0018, 0.0040, -0.041, 4.2E-4, -3.0E-4
-0.0045, 0.0026, 0.0060, -0.029, 2.0E-4, 1.0E-4
0.0036, -8.0E-4, 0.0090, -0.015, -1.0E-5, 1.0E-4
0.0067, 0.0019, 0.0060, 0.012, 1.0E-5, -3.0E-4
0.0012, -0.0012, 0.0050, 0.027, -9.0E-5, -2.0E-4
0.0053, 9.0E-4, 0.0080, -0.0010, 1.1E-4, -2.0E-4
0.0031, 0.0020, 0.011, -0.0080, 1.4E-4, -3.0E-4
-0.0047, 0.0014, 0.012, 0.03, -2.0E-4, 1.0E-4
0.0084, 0.0018, 0.0090, -0.0050, 1.7E-4, 1.0E-4
0.0105, 1.0E-4, 0.0070, 0.0080, 1.2E-4, -1.0E-4
0.0060, 0.0, 0.0090, -0.0080, 1.3E-4, -3.0E-4
-0.0091, -7.0E-4, 0.01, 0.0, -3.5E-4, 5.0E-4
-0.0121, -0.0012, 0.013, 0.0060, -2.1E-4, 5.0E-4
0.0026, -6.0E-4, 0.0050, 0.01, 1.0E-5, -3.0E-4
0.0023, 0.0013, 0.0090, 0.01, 8.0E-5, -3.0E-4
-0.0034, 0.0011, 0.011, 0.021, -1.7E-4, 2.0E-4
-0.0035, 0.0011, 0.012, 0.0060, -6.0E-5, 1.0E-4
-0.0091, 0.0023, 0.0080, -0.026, -3.0E-5, 4.0E-4
-0.0033, 8.0E-4, 0.0080, -0.0060, -1.0E-5, 1.0E-4
0.0036, 6.0E-4, 0.019, -0.0080, 4.0E-5, -2.0E-4
0.0048, 0.0, 0.0080, -0.0050, 1.5E-4, 1.0E-4
0.0061, -0.0019, 0.01, -0.017, 1.1E-4, -2.0E-4
0.0027, 8.0E-4, 0.0060, -0.0070, 5.0E-5, -1.0E-4
-0.0063, -5.0E-4, 0.012, 0.0030, -1.0E-4, 1.0E-4
-0.0041, -0.0023, 0.015, 0.0070, -8.0E-5, 2.0E-4
0.0026, 0.0029, 0.0050, 0.01, 1.0E-5, -1.0E-4
-0.0053, -6.0E-4, 0.01, 0.0060, -1.2E-4, 2.0E-4
0.0037, -5.0E-4, 0.011, 0.0, -1.0E-5, -1.0E-4
0.0058, 0.0012, 0.01, -0.0030, 7.0E-5, -1.0E-4
-0.0061, -6.0E-4, 0.0080, 0.0070, -7.0E-5, 2.0E-4
0.0052, 9.0E-4, 0.0070, -0.01, 1.6E-4, -1.0E-4
0.0019, 5.0E-4, 0.01, 0.029, 2.0E-5, -4.0E-4
0.0055, 5.0E-4, 0.0070, -0.0010, 1.0E-5, -1.0E-4
0.0041, -8.0E-4, 0.013, 0.03, -8.0E-5, -1.0E-4
0.0046, -9.0E-4, 0.0010, -0.01, 2.0E-4, -1.0E-4
0.0067, 0.0015, 0.0090, -0.0020, 1.0E-4, -1.0E-4
0.0036, 0.0059, 0.0030, -0.0050, 5.0E-5, -1.0E-4
0.0059, -9.0E-4, 0.0080, 0.0, 5.0E-5, -1.0E-4
0.0040, 2.0E-4, 0.01, -0.0060, 4.0E-5, -1.0E-4
0.0039, -8.0E-4, 0.0050, 0.01, 3.0E-5, -1.0E-4
0.0037, -0.0011, 0.0060, -0.01, 2.0E-4, -1.0E-4
0.0064, 0.0012, 0.0090, 0.0090, 0.0, -1.0E-4
-0.0040, 6.0E-4, 0.0040, 0.0060, -4.0E-5, 1.0E-4
0.0066, 0.0032, 0.019, -0.02, 1.7E-4, -5.0E-4
-0.0076, 0.0013, 0.019, -0.0010, -2.1E-4, 6.0E-4
0.0049, 0.0015, 0.013, 0.013, -7.0E-5, -3.0E-4
0.0040, -1.0E-4, 0.0090, -0.0060, 2.2E-4, -2.0E-4
0.0084, 0.0010, 0.0090, 0.012, -1.4E-4, -2.0E-4
-0.0036, 0.0015, 0.012, 0.023, -3.0E-4, 4.0E-4
-0.0077, 0.0, 0.0080, 0.0030, -2.6E-4, 4.0E-4
-3.0E-4, 0.0013, 0.01, -0.01, 2.8E-4, 1.0E-4
0.0049, 1.0E-4, 0.0090, -0.0070, 3.9E-4, -4.0E-4
0.0058, 0.0017, 0.011, 0.012, -7.0E-5, -2.0E-4
-0.0054, 0.0011, 0.015, 0.013, -1.9E-4, 1.0E-4
-0.0083, -6.0E-4, 0.014, 0.0080, -2.0E-4, 5.0E-4
-9.0E-4, -0.0016, 0.01, 0.04, -5.0E-5, -1.0E-4
-0.0075, 9.0E-4, 0.017, -0.0040, -1.1E-4, 1.0E-4
0.0042, 7.0E-4, 0.011, -0.036, 3.1E-4, -1.0E-4
0.0078, 0.0016, 0.0060, -0.024, 1.9E-4, -2.0E-4
0.0025, 0.0017, 0.0090, 0.011, -4.0E-5, -1.0E-4
0.0092, 0.0030, 0.0080, 0.015, -1.2E-4, -2.0E-4
0.0042, 0.0024, 0.0070, 0.01, -1.0E-5, -3.0E-4
-0.0062, 0.0015, 0.013, 0.0050, -1.6E-4, 2.0E-4
0.0042, 6.0E-4, 0.01, -0.018, 2.9E-4, -3.0E-4
0.0084, 0.0028, 0.0040, 0.015, -1.8E-4, -2.0E-4
-0.0036, 0.0016, 0.018, -0.011, -6.0E-5, 4.0E-4
0.0040, 0.0032, 0.011, 0.0020, 2.2E-4, -2.0E-4
0.0050, 0.0, 0.016, 0.021, -4.0E-5, -3.0E-4
-0.0038, 0.0036, 0.012, 0.0070, -1.8E-4, 3.0E-4
-0.0026, 0.0, 0.017, -0.013, 8.0E-5, 1.0E-4
0.0042, 0.0013, 0.014, -0.0070, 6.0E-5, -2.0E-4
0.0132, 0.0011, 0.0080, -0.021, 3.2E-4, -6.0E-4
-0.0062, 6.0E-4, 0.0080, 0.022, -2.5E-4, 3.0E-4
-0.0014, 0.0037, 0.032, -0.01, 2.2E-4, 4.0E-4
-0.0059, 0.0031, 0.021, -0.0010, -6.0E-5, 4.0E-4
0.0036, 0.0049, 0.024, -0.011, 3.3E-4, 1.0E-4
0.0082, 0.0019, 0.022, -0.0020, 1.6E-4, -1.0E-4
-2.0E-4, 0.0021, 0.012, 0.029, -1.5E-4, -2.0E-4
-0.0035, 0.0019, 0.014, 0.014, -2.3E-4, 2.0E-4
-7.0E-4, 0.0037, 0.013, -0.0090, 1.0E-5, 2.0E-4
0.0094, 9.0E-4, 0.0060, 0.01, 3.9E-4, -5.0E-4
0.0091, 0.0034, 0.0080, 0.028, -1.5E-4, -3.0E-4
-0.0048, 0.0025, 0.01, 0.018, -1.0E-4, 1.0E-4
-0.0057, 0.0034, 0.019, 0.0040, -1.5E-4, 2.0E-4
-0.0066, 0.0032, 0.0060, 0.0040, -7.0E-5, 1.0E-4
0.0061, 0.0025, 0.014, -0.015, 3.6E-4, -3.0E-4
0.0080, 0.0030, 0.014, -0.0030, 2.0E-5, -1.0E-4
0.0082, 7.0E-4, 0.012, -0.014, 4.3E-4, -3.0E-4
0.0095, 5.0E-4, 0.0060, 0.013, -1.7E-4, -2.0E-4
-0.0058, 0.0045, 0.016, 0.025, -9.0E-5, 1.0E-4
-0.0036, 0.0020, 0.0050, 0.0010, -1.6E-4, 1.0E-4
0.0020, 0.0029, 0.015, 0.0090, -1.4E-4, -2.0E-4
-0.0039, 0.0039, 0.0040, 0.033, -2.9E-4, 2.0E-4
-0.0063, 0.0014, 0.0090, -0.011, -1.7E-4, 4.0E-4
0.0052, 0.0047, 0.014, -0.0070, 3.0E-5, -2.0E-4
-0.0058, 0.0012, 0.0090, -0.012, -8.0E-5, 3.0E-4
0.0050, -9.0E-4, 0.015, -0.017, 4.6E-4, -2.0E-4
0.0035, -0.0012, 0.0090, -0.021, 2.5E-4, -1.0E-4
-0.0046, 3.0E-4, 0.011, -0.03, 2.4E-4, 1.0E-4
0.0069, 0.0017, 0.011, -0.024, 2.2E-4, -1.0E-4
0.0069, -7.0E-4, 0.017, 0.011, 4.0E-5, -2.0E-4
0.0084, 0.0023, 0.0030, 0.036, -2.8E-4, -1.0E-4
0.0065, -5.0E-4, 0.01, 0.011, -3.0E-5, -1.0E-4
0.0016, 4.0E-4, 0.0090, 0.011, 3.0E-5, -1.0E-4
0.0031, 0.0018, 0.014, 0.01, -1.2E-4, 1.0E-4
-0.0054, 0.0036, 0.022, -0.043, 3.1E-4, 1.0E-4
0.0035, -0.0022, 0.014, 0.0080, 1.0E-5, 1.0E-4
-0.0053, -2.0E-4, 0.013, 0.0070, -8.0E-5, 2.0E-4
-0.0068, -3.0E-4, 0.011, 0.0050, -2.2E-4, 4.0E-4
-0.0041, 0.0019, 0.011, 0.023, -3.3E-4, 1.0E-4
0.0045, -9.0E-4, 0.0070, -0.0010, 2.1E-4, -1.0E-4
0.0085, 0.0, 0.01, 0.016, -3.0E-5, -2.0E-4
-0.0053, -3.0E-4, 0.0070, 0.028, -2.3E-4, 1.0E-4
0.0051, -1.0E-4, 0.01, 0.0040, 1.8E-4, -1.0E-4
0.0018, -3.0E-4, 0.0080, 0.028, -1.6E-4, -1.0E-4
-0.0039, -0.0010, 0.0050, 0.026, -2.2E-4, 3.0E-4
-0.0061, -9.0E-4, 0.0080, 0.011, -1.6E-4, 2.0E-4
0.0083, 0.0011, 0.013, 0.0, 1.6E-4, -1.0E-4
0.0076, 0.0012, 0.0090, -0.0060, 1.9E-4, -2.0E-4
0.0035, 0.0025, 0.02, -0.024, 2.1E-4, -3.0E-4
0.0046, 0.0020, 0.021, 0.016, -3.2E-4, 5.0E-4
0.0064, 1.0E-4, 0.016, -0.0020, 2.0E-4, -5.0E-4
0.0051, 0.0024, 0.012, -0.0090, 1.7E-4, -4.0E-4
0.0066, -0.0016, 0.014, 0.015, 1.0E-4, -4.0E-4
0.0057, 2.0E-4, 0.01, 0.012, 1.3E-4, -3.0E-4
-0.0072, -0.0020, 0.013, 0.022, -2.0E-5, 1.0E-4
5.0E-4, 0.0016, 0.018, 0.0090, -1.2E-4, -2.0E-4
-0.0099, 0.0033, 0.012, 0.02, -1.9E-4, 1.0E-4
0.0035, 0.0029, 0.014, 0.033, -4.7E-4, -4.0E-4
0.0092, 0.0016, 0.0090, -0.017, 2.0E-5, -2.0E-4
-0.0045, 0.0070, 0.016, 0.0090, -1.9E-4, 1.0E-4
-0.0097, 0.0016, 0.019, -0.012, -1.7E-4, 6.0E-4
0.0089, -2.0E-4, 0.0090, -0.026, 2.8E-4, -1.0E-4
0.0068, 0.0023, 0.016, 0.016, -1.0E-4, -1.0E-4
-0.0059, -0.0014, 0.022, 0.0010, -3.0E-5, 1.0E-4
0.0046, 0.0030, 0.0030, 0.013, -1.1E-4, -2.0E-4
-0.0039, -8.0E-4, 0.0070, 0.0070, -2.0E-5, 2.0E-4
0.0045, -0.0025, 0.0040, -0.0020, 1.6E-4, -1.0E-4
0.0081, -5.0E-4, 0.0010, 0.022, 4.0E-5, -2.0E-4
-0.0087, 0.0016, 0.0050, 0.023, -1.9E-4, 1.0E-4
0.0079, -6.0E-4, 0.0040, -0.0030, 1.2E-4, -2.0E-4
-0.0020, -2.0E-4, 0.013, -0.011, 8.0E-5, 1.0E-4
0.0056, 0.0023, 0.0050, 0.0, 8.0E-5, -2.0E-4
-0.0067, 1.0E-4, 0.01, -0.011, 6.0E-5, 1.0E-4
-0.0037, -8.0E-4, 0.012, 0.015, -1.4E-4, 1.0E-4
-0.0053, -8.0E-4, 0.01, 0.0040, -4.0E-5, 1.0E-4
0.0050, 0.0011, 0.013, 0.036, -1.2E-4, -1.0E-4
0.0083, -3.0E-4, 0.0090, -0.0040, 1.6E-4, -1.0E-4
0.0043, 0.0011, 0.0050, 0.012, 1.0E-5, -2.0E-4
-0.0038, 3.0E-4, 0.011, 0.014, -9.0E-5, 1.0E-4
0.0038, 0.0024, 0.012, 0.014, -4.0E-5, -1.0E-4
0.0043, 0.0017, 0.012, 0.014, -4.0E-5, -1.0E-4
0.0057, 0.0013, 0.0090, 0.0010, 8.0E-5, -1.0E-4
0.0076, -3.0E-4, 0.0020, -0.0020, 1.6E-4, -1.0E-4
-0.0015, 0.0016, 0.012, 0.04, -2.0E-4, 1.0E-4
0.0056, -5.0E-4, 0.0070, -0.0060, 8.0E-5, -1.0E-4
0.0078, 0.0038, 0.03, 0.012, 8.0E-5, -3.0E-4
-0.0038, 0.0047, 0.026, -0.0030, -1.7E-4, 5.0E-4
-0.0022, 0.0048, 0.027, -0.013, 1.2E-4, 2.0E-4
0.0046, 0.0026, 0.022, -0.01, 2.0E-4, -2.0E-4
-0.0015, 0.0051, 0.014, -0.0090, 2.0E-4, -1.0E-4
-0.0042, 0.0052, 0.01, -0.01, -8.0E-5, 4.0E-4
0.0015, 7.0E-4, 0.014, 0.01, -4.0E-5, -6.0E-4
-0.0054, 0.0010, 0.0090, 0.0070, -4.1E-4, 7.0E-4
-0.0071, 0.0016, 0.012, 0.021, -4.4E-4, 1.0E-4
-0.0015, 0.0022, 0.0040, 0.034, -3.7E-4, -1.0E-4
-0.0096, 0.0028, 0.0040, 0.023, -3.8E-4, 4.0E-4
-0.0042, 1.0E-4, 0.015, 0.014, -2.4E-4, 3.0E-4
0.0057, 0.0046, 0.012, 0.015, -2.1E-4, -1.0E-4
0.0012, 0.0033, 0.013, 0.011, -2.9E-4, -1.0E-4
-0.0069, 0.0021, 0.014, 0.0050, -4.1E-4, 8.0E-4
-0.0040, 0.0027, 0.012, -0.011, 3.5E-4, 2.0E-4
0.0096, 0.0043, 0.014, -0.0030, 1.4E-4, -3.0E-4
-0.0095, 0.0033, 0.0090, 0.0050, -5.6E-4, 8.0E-4
0.0053, 0.0033, 0.011, -0.027, 7.7E-4, -4.0E-4
0.0104, 0.0059, 0.011, 0.029, -4.1E-4, -6.0E-4
0.0068, 0.0, 0.014, 0.011, -6.0E-5, -1.0E-4
0.0058, 1.0E-4, 0.0050, 0.025, -1.1E-4, -1.0E-4
-0.0077, 4.0E-4, 0.0040, 0.0070, -6.0E-5, 1.0E-4
0.0041, -0.0037, 0.0090, 0.01, 6.0E-5, -1.0E-4
-0.0050, 0.0010, 0.0070, 0.0060, -4.0E-5, -1.0E-4
-0.0058, 0.0011, 0.0090, -0.0010, -5.0E-5, 1.0E-4
0.0067, -3.0E-4, 0.0080, -0.0010, 7.0E-5, -1.0E-4
-0.0051, -9.0E-4, 0.0060, -0.01, 3.0E-5, 1.0E-4
-0.0051, 3.0E-4, 0.014, 0.0070, -4.0E-5, 1.0E-4
0.0051, 9.0E-4, 0.0070, 0.012, 3.0E-5, -1.0E-4
-0.0062, 0.0015, 0.0070, -0.0040, -4.0E-5, 1.0E-4
-0.0046, -5.0E-4, 0.0070, 0.0040, -3.0E-5, 1.0E-4
-0.0069, -3.0E-4, 0.0060, 0.0, -8.0E-5, 1.0E-4
-0.0065, -4.0E-4, 0.0080, -0.01, 1.1E-4, -1.0E-4
0.0041, 0.0010, 0.0070, -0.019, 2.0E-4, -1.0E-4
-0.0052, 7.0E-4, 0.013, -0.011, 6.0E-5, 1.0E-4
0.0080, 0.0013, 0.0040, 0.0070, 6.0E-5, -1.0E-4
0.0053, 3.0E-4, 0.025, 0.013, -6.0E-5, -1.0E-4
-0.0060, 0.0019, 0.012, -0.015, -1.1E-4, 3.0E-4
-0.0080, 0.0010, 0.012, 0.021, -4.8E-4, 5.0E-4
0.0060, -0.0043, 0.015, -0.0070, 3.0E-4, -2.0E-4
0.0065, -0.0034, 0.0030, 0.011, -1.1E-4, -2.0E-4
0.0017, 0.0025, 0.01, 0.011, -1.7E-4, -1.0E-4
0.0048, 2.0E-4, 0.0070, -0.015, 2.5E-4, -4.0E-4
0.0065, -0.0013, 0.0060, -0.034, 6.3E-4, -1.0E-4
0.0062, -0.0046, 0.014, 0.03, -2.2E-4, -3.0E-4
6.0E-4, -0.0018, 0.012, 0.036, -4.2E-4, 3.0E-4
-0.0128, 8.0E-4, 0.012, -0.026, -2.2E-4, 8.0E-4
-0.0083, -4.0E-4, 0.013, -0.015, -1.3E-4, 4.0E-4
0.0041, 0.0042, 0.015, 0.011, -8.0E-5, -1.0E-4
-0.0035, 2.0E-4, 0.014, 0.0060, -4.0E-5, 2.0E-4
-0.0038, -0.0014, 0.023, 0.016, -2.9E-4, 7.0E-4
0.0051, -1.0E-4, 0.012, -0.017, 2.7E-4, -4.0E-4
0.0032, 0.0020, 0.013, 0.011, -1.0E-4, -2.0E-4
0.0028, 0.0010, 0.013, -0.0080, 1.2E-4, -5.0E-4
0.0071, 1.0E-4, 0.012, -0.0040, 7.0E-5, -3.0E-4
0.0038, -0.0011, 0.0060, -0.011, 2.4E-4, -2.0E-4
-0.0017, 1.0E-4, 0.0090, -0.0090, 1.4E-4, 1.0E-4
-0.0016, 4.0E-4, 0.012, -0.01, 5.0E-5, 2.0E-4
0.0039, 5.0E-4, 0.0070, 0.012, -1.1E-4, -2.0E-4
0.0067, 0.0015, 0.0040, -0.011, 6.0E-5, -1.0E-4
0.0043, 0.0051, 0.01, 0.016, -4.7E-4, 1.0E-4
-0.0066, 0.0029, 0.015, 0.0070, -2.0E-4, 2.0E-4
0.0082, 0.0023, 0.0080, -0.0060, 8.0E-5, -1.0E-4
-0.0041, -3.0E-4, 0.0070, -0.013, 8.0E-5, 2.0E-4
-0.0037, 0.0010, 0.0090, 0.016, -3.0E-4, 3.0E-4
0.0065, 2.0E-4, 0.0060, -0.01, 2.3E-4, -2.0E-4
0.0056, 0.0016, 0.0050, 0.013, -7.0E-5, 1.0E-4
0.0026, 0.0035, 0.01, 0.03, -1.4E-4, -2.0E-4
0.0, 0.0031, 0.01, 0.042, -1.6E-4, -1.0E-4
0.0040, -4.0E-4, 0.011, 0.0020, 6.0E-5, -1.0E-4
-0.0045, -6.0E-4, 0.012, 0.0020, -1.0E-4, 4.0E-4
-0.0053, 0.0012, 0.011, 0.023, -1.7E-4, 2.0E-4
-0.0093, 0.0012, 0.0080, -0.0020, -1.3E-4, 3.0E-4
-0.0082, 0.0, 0.013, 0.037, -2.9E-4, 3.0E-4
5.0E-4, -0.0010, 0.016, 0.01, -8.0E-5, -1.0E-4
0.0049, -0.0011, 0.014, -0.0060, 1.8E-4, -2.0E-4
0.0050, 6.0E-4, 0.0080, 0.011, 9.0E-5, -3.0E-4
0.0036, -0.0018, 0.0060, -0.0080, 1.7E-4, -2.0E-4
-0.0041, 0.0013, 0.01, 0.0050, -1.5E-4, 3.0E-4
0.0077, 7.0E-4, 0.011, 0.02, 7.0E-5, -1.0E-4
-0.0092, -0.0012, 0.017, 0.031, -2.5E-4, 3.0E-4
-0.0035, 0.0021, 0.02, 0.012, -1.4E-4, -1.0E-4
-0.0066, -1.0E-4, 0.018, 0.0040, -1.8E-4, 3.0E-4
0.0058, 0.0023, 0.01, 0.032, -1.0E-4, -1.0E-4
0.0035, -6.0E-4, -0.0050, -0.0030, 4.0E-5, -2.0E-4
-0.0033, 3.0E-4, 0.0080, 0.0010, -1.0E-4, 1.0E-4
-0.0029, 0.0011, 0.0090, -0.012, 4.0E-5, 1.0E-4
-0.0036, 0.0010, 0.018, 0.016, -5.0E-5, 1.0E-4
-0.0053, -0.0023, 0.012, 0.0050, -7.0E-5, 3.0E-4
0.0040, -2.0E-4, 0.0070, 0.011, 8.0E-5, -1.0E-4
-0.0035, -5.0E-4, 0.0050, 0.0050, -4.0E-5, 1.0E-4
0.0040, 4.0E-4, 0.011, 0.028, -1.1E-4, -1.0E-4
-0.0061, 9.0E-4, 0.01, 0.0020, -1.4E-4, 1.0E-4
0.0040, -6.0E-4, 0.0090, -0.0070, 6.0E-5, -2.0E-4
0.0063, -2.0E-4, 0.021, -0.0020, 1.0E-4, -1.0E-4
1.0E-4, -0.0033, 0.0040, 0.034, -1.0E-4, -1.0E-4
-0.0022, 1.0E-4, 0.0050, -0.015, 9.0E-5, 1.0E-4
0.0044, 1.0E-4, 0.0040, -0.0060, 7.0E-5, -1.0E-4
0.0013, 4.0E-4, 0.0050, 0.01, -8.0E-5, -1.0E-4
0.0041, 5.0E-4, 0.014, 0.01, -3.0E-5, 1.0E-4
-0.0023, 5.0E-4, 0.0080, -0.012, 8.0E-5, 1.0E-4
0.0037, -1.0E-4, 0.0080, 0.013, -6.0E-5, -1.0E-4
-0.0055, -1.0E-4, 0.0070, 0.014, -1.0E-4, -1.0E-4
0.0080, 0.0016, 0.0090, -0.016, 1.6E-4, -1.0E-4
0.0054, -0.0013, 0.011, 0.029, -1.6E-4, -1.0E-4
0.0069, 5.0E-4, 0.0090, 0.019, 3.0E-5, -1.0E-4
-0.0042, 0.0, 0.0090, 0.024, -6.0E-5, 1.0E-4
-0.0039, 8.0E-4, 0.0040, 0.0060, -1.0E-5, 1.0E-4
-0.0060, 4.0E-4, 0.011, 0.0070, -1.2E-4, 1.0E-4
0.0041, 0.0020, 0.0090, -0.0070, 7.0E-5, -2.0E-4
-0.0106, -3.0E-4, 0.012, 0.014, -2.0E-4, 2.0E-4
-0.0040, 1.0E-4, 0.01, 0.012, -2.0E-5, -1.0E-4
0.0040, -4.0E-4, 0.0060, -0.0060, 1.6E-4, -2.0E-4
-0.0036, 4.0E-4, 0.012, 0.0070, -5.0E-5, 1.0E-4
0.0011, 2.0E-4, 0.0060, 0.01, 0.0, -2.0E-4
-0.0042, -0.0016, 0.0090, 0.031, -4.0E-5, -1.0E-4
0.0094, 5.0E-4, 0.014, 0.012, 1.0E-5, -5.0E-4
-0.0117, -3.0E-4, 0.013, -0.017, -1.0E-5, 2.0E-4
0.0066, 0.0, 0.0070, 0.013, 1.2E-4, -3.0E-4
0.0073, 0.0026, 0.017, -0.01, 1.0E-4, -1.0E-4
0.0032, 1.0E-4, 0.012, 0.027, -2.7E-4, -2.0E-4
0.0106, 0.0026, 0.018, 0.014, -2.0E-5, -1.0E-4
0.0074, 0.0046, 0.0040, -0.0050, 2.2E-4, -3.0E-4
0.0052, 7.0E-4, 0.014, 0.013, 5.0E-5, -1.0E-4
0.0096, 0.0031, 0.012, 0.019, -3.4E-4, -2.0E-4
0.0104, -0.0027, 0.0080, 0.012, 3.3E-4, -5.0E-4
-0.0023, 0.0026, 0.012, -0.01, -2.0E-5, 2.0E-4
-0.0038, 0.0014, 0.012, 0.0070, -8.0E-5, 1.0E-4
0.0047, -0.0010, 0.0060, -0.0070, 1.0E-4, -1.0E-4
-2.0E-4, 0.0018, 0.011, 0.027, -2.7E-4, -1.0E-4
-0.0097, -0.0017, 0.015, 0.012, -2.5E-4, 4.0E-4
0.0057, 0.0012, 0.0080, 0.021, -9.0E-5, -1.0E-4
-0.0039, 0.0013, 0.017, 0.026, -1.0E-4, -1.0E-4
0.0057, 9.0E-4, 0.0030, 0.013, 5.0E-5, -2.0E-4
-0.0033, -3.0E-4, 0.0080, -0.0030, -9.0E-5, 1.0E-4
-0.0036, -0.0013, -0.0020, -0.01, 4.0E-5, -1.0E-4
0.0079, -0.0039, 0.0080, -0.0010, 1.1E-4, -3.0E-4
-0.0033, -0.0021, 0.0080, 0.0090, -2.0E-5, 2.0E-4
-0.0061, 1.0E-4, 0.01, 0.021, -2.0E-4, 2.0E-4
0.0013, 0.0013, 0.0070, 0.0090, 5.0E-5, -1.0E-4
0.0038, 0.0015, 0.0080, -0.01, 1.4E-4, -2.0E-4
-3.0E-4, 0.0012, 0.0090, -0.0090, 1.0E-5, 1.0E-4
0.0067, -0.0012, 0.0050, 0.015, 2.0E-5, -1.0E-4
0.0045, 0.0010, 0.0070, 0.031, -1.1E-4, -1.0E-4
-0.0030, 0.0010, 0.01, -0.011, 1.0E-4, 1.0E-4
-0.0048, 0.0025, 0.014, 0.0060, -1.3E-4, 2.0E-4
-0.0042, 0.0026, 0.014, -0.028, 8.0E-5, 1.0E-4
-0.0053, -0.0019, 0.011, 0.0070, -1.8E-4, 3.0E-4
-0.0019, 0.0017, 0.01, -0.012, 2.0E-5, 1.0E-4
-0.0049, 0.0010, 0.012, 0.0020, -1.5E-4, 2.0E-4
-0.0030, 8.0E-4, 0.0090, -0.01, 3.0E-5, 1.0E-4
-0.0044, 6.0E-4, 0.011, 0.0050, -2.6E-4, 1.0E-4
-0.0070, -0.0015, 0.0090, -0.0030, -1.4E-4, 2.0E-4
-0.0010, -0.0025, 0.011, -0.01, 1.8E-4, 1.0E-4
-0.0074, 5.0E-4, 0.0080, -0.012, -1.3E-4, 4.0E-4
0.0082, 0.0025, 0.026, 0.01, -4.0E-5, -2.0E-4
-0.0076, 1.0E-4, 0.012, 0.024, -1.4E-4, 4.0E-4
0.0049, 0.0011, 0.012, -0.0050, 8.0E-5, -1.0E-4
0.0112, 0.0020, 0.0040, 0.028, -1.3E-4, -3.0E-4
-0.0073, 0.0012, 0.012, 0.014, -1.4E-4, 3.0E-4
-0.0050, 0.0019, 0.0090, 0.031, -3.8E-4, 1.0E-4
0.0093, 8.0E-4, 0.0050, 0.0020, 2.4E-4, -2.0E-4
0.0122, 6.0E-4, 0.015, 0.02, -1.7E-4, -1.0E-4
-0.0077, 1.0E-4, 0.0060, 0.043, -3.3E-4, 4.0E-4
0.0035, 0.0023, 0.0080, 0.013, 1.1E-4, -1.0E-4
0.0078, 0.0022, 0.016, -0.024, 1.3E-4, -2.0E-4
-0.0047, 6.0E-4, 0.014, 0.0070, -1.8E-4, 2.0E-4
0.0037, -0.0024, 0.01, 0.013, 4.0E-5, -2.0E-4
0.0032, 0.0017, 0.014, -0.0060, 1.1E-4, -2.0E-4
0.0070, 3.0E-4, 0.013, -0.0070, 6.0E-5, -1.0E-4
0.0050, -0.0014, 0.0090, -0.0030, -1.0E-5, -1.0E-4
8.0E-4, 1.0E-4, 0.0050, 0.01, -1.2E-4, 1.0E-4
-0.0095, -6.0E-4, 0.013, -0.014, 1.0E-4, 2.0E-4
-0.0033, 0.0014, 0.01, 0.013, -2.2E-4, 1.0E-4
-0.0048, 0.0, 0.012, -0.01, 6.0E-5, 1.0E-4
0.0059, -3.0E-4, 0.0080, -0.0040, 9.0E-5, -1.0E-4
0.0029, 0.0011, 0.013, 0.01, -9.0E-5, -1.0E-4
0.0047, -0.0014, 0.01, 0.0, 1.6E-4, -1.0E-4
0.0063, -3.0E-4, 0.0080, 0.02, 0.0, -1.0E-4
5.0E-4, 0.0019, 0.0040, 0.044, -1.2E-4, 1.0E-4
-0.0040, 0.0014, 0.012, 0.016, -8.0E-5, -1.0E-4
0.0086, -6.0E-4, 0.0010, -0.0050, 1.3E-4, -2.0E-4
0.0086, 0.0017, 0.0010, 0.013, -7.0E-5, -1.0E-4
-0.0058, 0.0016, 0.0090, 0.024, -2.4E-4, 2.0E-4
-0.0051, 0.0014, 0.014, 0.0060, -9.0E-5, 2.0E-4
0.0046, 3.0E-4, 0.0070, 0.028, -1.6E-4, -1.0E-4
0.0037, 0.0, 0.0050, -0.0080, 1.4E-4, -2.0E-4
0.0053, 0.0, 0.01, -0.0050, 9.0E-5, -1.0E-4
0.0045, 0.0010, 0.0050, 0.012, 4.0E-5, -2.0E-4
0.0046, -0.0039, 0.016, -0.0040, 1.0E-4, -1.0E-4
0.0026, 0.0013, 0.011, -0.0040, 7.0E-5, -1.0E-4
-0.0112, 0.0022, 0.013, 0.0070, -3.1E-4, 3.0E-4
-0.0074, 4.0E-4, 0.013, -0.03, 2.7E-4, 1.0E-4
-0.0071, -0.0018, -0.0010, -0.0010, -7.0E-5, 2.0E-4
0.0077, -0.0044, 0.0080, 0.03, -1.9E-4, -2.0E-4
0.0026, 1.0E-4, 0.0010, -0.0050, 1.6E-4, -1.0E-4
0.0033, -0.0016, 0.0010, 0.0090, 3.0E-5, -3.0E-4
0.0082, -0.0020, 0.02, 0.0080, 0.0, -1.0E-4
-0.0045, -0.0018, 0.0060, 0.022, -5.0E-5, 1.0E-4
0.0047, -6.0E-4, 0.0090, 0.012, 7.0E-5, -1.0E-4
-0.0037, 0.0, 0.012, 0.0070, -9.0E-5, 2.0E-4
0.0041, -3.0E-4, 0.0050, 0.014, 1.0E-5, -2.0E-4
-0.0063, 0.0011, 0.0090, 0.0020, -6.0E-5, 1.0E-4
-0.0102, -0.0019, 0.015, -0.01, -1.0E-5, 2.0E-4
9.0E-4, -0.0022, 0.0080, 0.03, -1.6E-4, -1.0E-4
-6.0E-4, 2.0E-4, 0.0070, 0.027, -1.7E-4, -1.0E-4
-0.0042, 4.0E-4, 0.0080, 0.023, -2.3E-4, 2.0E-4
0.0055, -4.0E-4, 0.0060, -0.0040, 1.4E-4, -1.0E-4
0.0035, 0.0013, 0.0030, 0.012, 2.0E-5, -2.0E-4
0.0078, -3.0E-4, 0.0070, 0.0070, 9.0E-5, -1.0E-4
0.0063, -0.0016, 0.0060, -0.0060, 1.7E-4, -1.0E-4
-0.0041, -8.0E-4, 0.023, 0.0070, -1.9E-4, 0.0011
-0.0055, 0.0020, 0.02, 0.03, -4.7E-4, 9.0E-4
0.0044, 0.0030, 0.02, 0.012, 6.0E-5, -4.0E-4
-0.0073, -8.0E-4, 0.015, 0.0050, -1.4E-4, 5.0E-4
0.0054, 0.0057, 0.016, -0.011, 2.4E-4, -3.0E-4
-0.0035, 6.0E-4, 0.022, 0.016, -2.1E-4, 5.0E-4
-0.0124, 0.0025, 0.022, 0.0070, -5.4E-4, 0.0015
-0.0038, -4.0E-4, 0.018, 0.027, -2.9E-4, 9.0E-4
0.0129, 0.0027, 0.011, 0.03, -4.6E-4, -4.0E-4
-0.0172, 9.0E-4, 0.016, 0.023, -7.1E-4, 0.0016
-0.0071, 0.0031, 0.0070, 0.0030, -1.3E-4, 2.0E-4
0.0092, 0.0035, 0.0010, 0.012, -3.0E-5, -2.0E-4
0.0054, -1.0E-4, 0.0070, -0.019, 4.7E-4, -1.0E-4
0.0111, 0.0030, 0.01, -0.0060, 2.9E-4, -2.0E-4
-0.0078, 0.0023, 0.019, 0.035, -3.7E-4, 1.0E-4
-0.0111, 6.0E-4, 0.017, 0.021, -1.9E-4, 3.0E-4
0.0074, 0.0015, 0.0050, -0.0050, 3.8E-4, -5.0E-4
0.0118, 0.0037, 0.0090, -0.0070, 1.1E-4, -0.0010
0.0043, 0.0030, 0.0050, -0.018, 8.0E-5, 2.0E-4
-0.0038, 0.0039, 0.019, 0.0010, -1.1E-4, 2.0E-4
0.0079, 0.0035, 0.0090, 0.04, -3.7E-4, -4.0E-4
8.0E-4, 0.0021, 0.011, 0.039, -5.6E-4, 2.0E-4
-0.0044, 5.0E-4, 0.0030, 0.024, -1.4E-4, 1.0E-4
-0.0052, 0.0010, 0.013, 0.0060, -1.6E-4, 4.0E-4
0.0055, 0.0024, 0.0060, -0.01, 2.3E-4, -6.0E-4
-0.0096, 0.0025, 0.016, -0.019, -1.4E-4, 8.0E-4
0.0095, 0.0021, 0.0050, -0.02, 4.5E-4, -4.0E-4
0.0038, 9.0E-4, 0.014, 0.034, -1.5E-4, -3.0E-4
-0.0081, 0.0012, 0.014, 0.026, -2.8E-4, 5.0E-4
0.0017, 0.0016, 0.028, -0.02, 2.1E-4, -4.0E-4
-0.0046, 1.0E-4, 0.0060, -0.014, 7.0E-5, 2.0E-4
0.0038, 0.0048, 0.016, -0.015, 9.0E-5, 1.0E-4
0.0056, 0.0014, 0.015, -0.0060, 7.0E-5, -3.0E-4
-0.0022, 0.0016, 0.012, -0.011, -2.0E-5, 2.0E-4
0.0037, 8.0E-4, 0.0090, -0.0050, 4.0E-5, -2.0E-4
-0.0025, 7.0E-4, 0.012, -0.011, 2.0E-5, 2.0E-4
0.0011, 0.0023, 0.011, 0.01, -9.0E-5, -1.0E-4
0.0097, 0.0042, 0.015, 0.02, -9.0E-5, -2.0E-4
0.0047, 0.0012, 0.0030, -0.013, 3.4E-4, -1.0E-4
0.0062, 0.0014, 0.0090, 0.015, -3.0E-5, -2.0E-4
0.0036, -5.0E-4, 0.0090, 0.027, -3.0E-5, -1.0E-4
0.0050, 0.0023, 0.0050, -0.0080, 2.2E-4, -2.0E-4
0.0052, 5.0E-4, 0.014, 0.013, -1.1E-4, -2.0E-4
0.0040, 8.0E-4, 0.01, 0.013, 0.0, -2.0E-4
0.0048, 0.0024, 0.017, -0.0070, 2.7E-4, -3.0E-4
0.0091, -3.0E-4, 0.0050, -0.0030, 1.5E-4, -1.0E-4
0.0052, 9.0E-4, 0.0, 0.0050, 1.2E-4, -1.0E-4
-0.0033, 0.0022, 0.016, -0.0070, -3.0E-5, 2.0E-4
-0.0083, 0.0, 0.0080, 0.0070, -3.0E-4, -1.0E-4
-0.0048, 0.0022, 0.0090, 0.023, -1.3E-4, 1.0E-4
6.0E-4, 0.0020, 0.0050, 0.0090, -4.0E-5, -2.0E-4
-0.0039, 0.0037, 0.011, 0.0060, -2.3E-4, 2.0E-4
0.0028, 7.0E-4, 0.013, -0.0070, 2.4E-4, -2.0E-4
0.0014, 2.0E-4, 0.0030, 0.0090, -2.0E-5, -2.0E-4
0.0115, 0.0032, 0.0060, 0.01, -1.0E-5, -1.0E-4
-0.0094, 0.0018, 0.011, -0.0010, -1.4E-4, 4.0E-4
-0.0091, 0.0025, 0.012, 0.0020, -2.7E-4, 5.0E-4
-0.0057, 8.0E-4, 0.0080, 0.014, -2.3E-4, 2.0E-4
0.0045, 0.0012, 0.011, 0.01, 1.9E-4, -4.0E-4
-0.0101, 0.0014, 0.012, 0.0060, -3.1E-4, 5.0E-4
0.0048, 0.0011, 0.0080, -0.026, 4.8E-4, -5.0E-4
-0.0062, 0.0010, 0.014, 0.038, -3.3E-4, 2.0E-4
0.0069, 0.0033, 0.017, 0.016, -1.3E-4, -4.0E-4
0.0064, 0.0030, 0.015, 0.015, 1.0E-5, -4.0E-4
-0.0125, 0.0015, 0.014, 0.0030, -3.0E-4, 9.0E-4
0.0072, 0.0016, 0.018, 0.016, -2.0E-4, -1.0E-4
0.0109, 2.0E-4, 0.012, -0.02, 3.6E-4, -3.0E-4
0.0135, 6.0E-4, 0.0090, 0.011, 1.0E-5, -5.0E-4
-0.0070, 0.0037, 0.0080, -0.014, 1.0E-5, 4.0E-4
0.0087, 0.0034, 0.0090, 0.0030, 6.0E-5, -1.0E-4
-0.0101, 1.0E-4, 0.014, 0.012, -1.7E-4, 3.0E-4
-0.0056, 0.0019, 0.018, -0.029, -3.8E-4, 9.0E-4
0.0118, -0.0015, 0.0060, -0.023, 3.9E-4, -5.0E-4
0.0070, 0.0030, 0.0080, 0.012, 8.0E-5, -2.0E-4
0.0063, 0.0033, 0.012, 0.012, -1.3E-4, -5.0E-4
-0.0058, 0.0030, 0.01, 0.0, -2.6E-4, 3.0E-4
0.0095, 0.0014, 0.0010, 0.0010, 2.2E-4, -1.0E-4
0.0070, 0.0032, 0.0040, 0.015, -2.3E-4, -1.0E-4
0.0068, 0.0031, 0.014, -0.0090, 2.5E-4, -5.0E-4
0.0047, 0.0028, 0.016, 0.013, -1.3E-4, -2.0E-4
-0.0075, 0.0031, 0.014, -0.014, 1.7E-4, 3.0E-4
0.0057, 0.0043, 0.017, 0.027, -4.6E-4, 1.0E-4
0.0086, 0.0011, 0.0070, -0.0060, 3.3E-4, -7.0E-4
0.0068, 0.0010, 0.0040, 0.013, -2.5E-4, -1.0E-4
-0.0080, 0.0041, 0.012, 0.02, -4.7E-4, 2.0E-4
0.0026, -0.0015, 0.0070, 0.028, -2.6E-4, -3.0E-4
-0.0053, -2.0E-4, 0.0050, 0.026, -4.2E-4, 6.0E-4
0.0025, 0.0046, 0.027, -0.01, -1.0E-4, 1.0E-4
0.0017, 0.0017, 0.029, -0.0070, -3.0E-5, -3.0E-4
-5.0E-4, 0.0019, 0.0080, 0.039, -4.6E-4, 1.0E-4
0.0090, 0.0015, 0.014, 0.016, -5.0E-5, -3.0E-4
0.0073, 8.0E-4, 0.0040, -0.011, 2.9E-4, -1.0E-4
0.0103, 0.0026, 0.0070, 0.0010, 1.7E-4, -4.0E-4
6.0E-4, -8.0E-4, 0.0070, 0.029, -2.1E-4, -2.0E-4
-0.0136, 0.0037, 0.017, -0.0010, -2.1E-4, 2.0E-4
-0.0084, 0.0028, 0.021, -0.031, 3.8E-4, 2.0E-4
0.011, -0.0023, 0.016, -0.027, 4.9E-4, -3.0E-4
0.0146, -0.0019, 0.011, 0.018, -2.0E-5, -5.0E-4
0.0060, 0.0013, 0.0090, -0.031, 5.5E-4, -5.0E-4
-0.0068, 0.0013, 0.013, 0.015, -4.9E-4, 8.0E-4
0.0070, 0.0019, 0.011, 0.013, -3.0E-5, -3.0E-4
0.0035, -1.0E-4, 0.0070, 0.011, 8.0E-5, -3.0E-4
-0.0039, 7.0E-4, 0.012, 0.0070, -2.6E-4, 4.0E-4
0.0051, 0.0024, 0.011, 0.013, -2.0E-4, -4.0E-4
0.0067, 0.0019, 0.0020, 0.033, -1.5E-4, -2.0E-4
-0.0076, 0.0059, 0.011, 0.024, -6.4E-4, 6.0E-4
0.0092, -8.0E-4, 0.0040, -0.0010, 9.0E-5, -4.0E-4
-0.0048, 0.0034, 0.015, -0.012, 5.0E-5, 3.0E-4
-0.0054, 4.0E-4, 0.015, -0.0030, -2.0E-5, 1.0E-4
-0.0084, 0.0018, 0.012, 0.0050, -1.6E-4, 3.0E-4
-0.0067, 4.0E-4, 0.013, -0.014, 1.0E-4, 1.0E-4
-0.0043, 9.0E-4, 0.0080, -0.012, -1.2E-4, 4.0E-4
0.0075, 0.0031, 0.0030, -0.0090, 2.4E-4, -4.0E-4
0.0067, 0.0015, 0.0050, 0.012, -2.7E-4, -3.0E-4
0.0039, 1.0E-4, 0.0080, -0.011, 2.4E-4, -2.0E-4
0.0054, -7.0E-4, 0.0060, -0.021, 2.3E-4, -2.0E-4
0.0085, 0.0, 0.0080, 0.012, 1.8E-4, -2.0E-4
0.0067, 0.0027, 0.011, 0.0040, 1.0E-4, -2.0E-4
-0.0032, 9.0E-4, 0.0050, -0.011, 9.0E-5, 1.0E-4
-0.0048, 0.0013, 0.017, 0.0020, -5.0E-5, 2.0E-4
-0.0046, 7.0E-4, 0.0060, 0.024, -1.3E-4, 1.0E-4
-0.0043, 9.0E-4, 0.01, 0.0030, -6.0E-5, 1.0E-4
0.0047, 3.0E-4, 0.0080, -0.0060, 1.1E-4, -1.0E-4
-0.0065, -1.0E-4, 0.0070, 0.0, -2.0E-5, 1.0E-4
-0.0027, -2.0E-4, 0.0030, -0.021, 1.2E-4, 1.0E-4
-0.0059, -0.0010, 0.0060, 0.0040, -3.0E-5, 1.0E-4
0.0038, -4.0E-4, 0.011, 0.015, 5.0E-5, -2.0E-4
-0.0045, 0.0033, 0.0090, 0.01, -1.0E-4, 1.0E-4
0.0058, 0.0, 0.0010, 0.014, 4.0E-5, -2.0E-4
-0.0059, 0.0031, 0.0090, 0.02, -2.3E-4, 1.0E-4
0.0033, 4.0E-4, 0.0080, -0.0040, 8.0E-5, -1.0E-4
-0.0035, 2.0E-4, 0.01, 0.014, -2.7E-4, -1.0E-4
-0.0079, 0.0033, 0.01, 0.0040, -2.5E-4, 5.0E-4
-0.0107, 0.0023, 0.018, -0.0050, -1.6E-4, 7.0E-4
0.0095, 0.0049, 0.011, -0.0040, 7.0E-5, -2.0E-4
0.0066, 0.0020, 0.014, 0.014, -1.7E-4, -2.0E-4
-0.0091, 0.0029, 0.014, 0.0050, -2.1E-4, 5.0E-4
0.0072, 0.0021, 0.012, -0.0010, 1.3E-4, -2.0E-4
-0.0095, 4.0E-4, 0.0080, 0.024, -5.0E-4, 4.0E-4
0.0036, 0.0042, 0.012, -0.03, 5.4E-4, 1.0E-4
0.0113, 0.0020, 0.01, -0.02, 5.2E-4, -2.0E-4
-0.0042, 0.0010, 0.013, -0.013, 2.2E-4, 1.0E-4
0.0114, -0.0013, 0.0090, -0.0070, 4.9E-4, -5.0E-4
5.0E-4, -6.0E-4, -0.0020, 0.039, -5.2E-4, -1.0E-4
0.0067, 1.0E-4, 0.0030, 0.011, 2.0E-5, -2.0E-4
-0.0094, 0.0038, 0.016, 0.041, -7.1E-4, 0.0010
0.0068, 0.0066, 0.016, -0.024, 2.7E-4, -1.0E-4
0.0103, 0.0026, 0.021, -0.0060, 8.0E-5, -1.0E-4
0.0069, 0.0051, 0.0070, -0.0040, 2.2E-4, -5.0E-4
-0.0084, 0.0010, 0.011, -0.0050, -3.4E-4, 6.0E-4
0.0108, 0.0026, 0.018, 0.037, -4.3E-4, -1.0E-4
-0.0092, -3.0E-4, 0.016, 0.039, -4.3E-4, 2.0E-4
-0.0099, 0.0045, 0.0090, 0.015, -2.7E-4, 5.0E-4
0.0047, 0.0044, 0.011, -0.0050, 4.1E-4, -3.0E-4
0.0050, 0.0056, 0.019, -0.017, 5.0E-5, 1.0E-4
0.0046, 0.0024, 0.023, 0.011, -1.4E-4, 1.0E-4
-0.0055, -3.0E-4, 0.012, 0.0080, -1.2E-4, 1.0E-4
-0.0050, -3.0E-4, 0.0070, -0.01, 6.0E-5, 1.0E-4
-0.0049, 0.0014, 0.017, 0.0050, -1.2E-4, 2.0E-4
-0.0023, 0.0014, 0.014, -0.014, 0.0, 2.0E-4
-0.0040, 0.0015, 0.0060, -0.013, 0.0, 1.0E-4
-0.0042, 0.0017, 0.013, -0.012, -7.0E-5, 2.0E-4
0.0065, 0.0050, 0.027, -0.015, 7.3E-4, -0.0019
0.0063, 0.0022, 0.028, 0.016, -3.2E-4, -3.0E-4
0.0036, 0.0058, 0.022, -0.0070, 2.0E-5, -3.0E-4
-0.0068, 0.0043, 0.012, -0.032, 2.0E-5, 3.0E-4
0.0040, 0.0025, 0.014, 0.01, 8.0E-5, -4.0E-4
-0.0061, 0.0046, 0.018, 0.0070, -1.8E-4, 3.0E-4
0.0049, 0.0044, 0.017, 0.022, -4.0E-5, -2.0E-4
-0.0068, 0.0016, 0.012, 0.0080, -2.5E-4, 4.0E-4
-0.0051, 0.0032, 0.012, -0.012, 1.6E-4, 1.0E-4
0.0053, 0.0032, 0.011, -0.011, 1.7E-4, -2.0E-4
0.0037, 0.0022, 0.01, 0.0070, 2.1E-4, -2.0E-4
-0.0078, 0.0023, 0.01, 0.0, -1.6E-4, 2.0E-4
0.0072, 0.0042, 0.012, 0.03, -1.0E-5, -2.0E-4
-0.0087, -1.0E-4, 0.0090, 0.038, -3.7E-4, 6.0E-4
0.0024, 0.0028, 0.013, 0.01, 1.0E-4, -2.0E-4
-0.0063, 0.0024, 0.0080, -0.028, 2.7E-4, 1.0E-4
0.0070, 0.0022, 0.0080, -0.0070, 1.2E-4, -3.0E-4
-0.0072, 0.0028, 0.0010, -0.013, -1.0E-4, 4.0E-4
-0.0040, 6.0E-4, 0.019, 0.012, -1.2E-4, 1.0E-4
0.0077, 4.0E-4, 0.015, 0.02, -4.0E-5, -1.0E-4
-0.0092, -8.0E-4, 0.011, 0.0050, -2.3E-4, 3.0E-4
0.0069, 0.0012, 0.0080, 0.011, -3.0E-4, -1.0E-4
-0.0062, 0.0021, 0.0070, 0.0050, -4.4E-4, 1.0E-4
0.0068, 0.0029, 0.01, -0.012, 1.9E-4, -1.0E-4
-0.0111, 3.0E-4, 0.0090, -0.0090, -6.0E-5, 3.0E-4
0.0087, -2.0E-4, 0.0010, 0.028, -3.7E-4, -1.0E-4
-0.0059, 0.0023, 0.012, 0.047, -5.1E-4, 3.0E-4
-0.0051, 1.0E-4, 0.011, -0.0040, -2.5E-4, -1.0E-4
-0.0039, 1.0E-4, 0.0090, -0.0090, -1.1E-4, 4.0E-4
-0.0044, 0.0045, 0.03, -0.0040, -9.0E-5, 1.0E-4
-0.0050, 0.0046, 0.035, -0.011, -2.0E-5, 2.0E-4
0.0088, -0.0015, 0.02, 0.0070, 0.0, -3.0E-4
0.0072, -0.0011, 0.018, 0.019, -1.7E-4, -1.0E-4
-0.0041, 0.0027, 0.022, 0.028, -3.7E-4, 2.0E-4
-0.0055, -2.0E-4, 0.015, 0.0040, -9.0E-5, 2.0E-4
-0.0034, 3.0E-4, 0.012, 0.011, -1.5E-4, 1.0E-4
0.0043, 5.0E-4, 0.01, 0.012, 0.0, -1.0E-4
-0.0020, 9.0E-4, 0.0080, -0.011, 1.0E-4, 1.0E-4
0.0058, 0.0011, 0.0080, 0.013, -7.0E-5, -1.0E-4
0.0049, -1.0E-4, 0.0020, 0.0010, 2.4E-4, -1.0E-4
-0.0043, -1.0E-4, 0.013, -0.011, 2.0E-5, 1.0E-4
-0.0064, -7.0E-4, 0.021, 0.032, -2.3E-4, 1.0E-4
0.0064, -7.0E-4, 0.0080, -0.036, 3.3E-4, -2.0E-4
-0.0109, -1.0E-4, 0.017, -0.011, 2.6E-4, 1.0E-4
0.0108, 7.0E-4, 0.0080, 0.017, -1.8E-4, -6.0E-4
0.0115, 0.0037, 0.0070, -0.01, 1.3E-4, -2.0E-4
0.0054, 0.0020, 0.0090, -0.023, 9.0E-5, -1.0E-4
-0.0041, 6.0E-4, 0.013, 0.02, -2.7E-4, 3.0E-4
-0.0039, 5.0E-4, 0.01, 0.0070, -1.6E-4, 3.0E-4
0.0065, 7.0E-4, 0.0050, -0.0030, 2.4E-4, -2.0E-4
-0.0095, -2.0E-4, 0.012, 0.0050, -1.7E-4, 3.0E-4
0.0088, 0.0019, 0.0090, 0.013, 4.0E-5, -4.0E-4
0.0016, 0.0012, 0.0060, 0.029, -5.0E-5, -1.0E-4
0.0053, -3.0E-4, 0.012, 0.017, 4.0E-5, -2.0E-4
-0.0057, 0.0021, 0.011, -0.029, 9.0E-5, 1.0E-4
0.0082, 9.0E-4, 0.013, -0.021, 1.4E-4, -2.0E-4
-0.0020, 0.0019, 0.012, -0.01, -1.0E-5, 2.0E-4
-0.0032, 0.0010, 0.011, -0.013, 0.0, 1.0E-4
0.0049, 0.0, 0.0060, 0.015, -2.0E-5, -1.0E-4
-0.0115, 0.0, 0.01, -0.0030, -2.2E-4, 2.0E-4
0.0066, 0.0018, 0.01, 0.011, -3.2E-4, -2.0E-4
-0.0051, 0.0018, 0.0090, 0.0070, -2.5E-4, 4.0E-4
-0.0066, 1.0E-4, 0.0060, -0.011, 2.2E-4, 2.0E-4
0.0076, 0.0023, 0.0060, -0.0090, 3.2E-4, -2.0E-4
-0.0049, 0.0021, 0.015, -0.011, -1.9E-4, 3.0E-4
-0.0102, 0.0029, 0.011, 0.0010, -6.6E-4, 7.0E-4
0.0066, -0.0013, 0.01, 0.015, 7.0E-5, -2.0E-4
-0.0047, 0.0012, 0.011, 0.028, -3.7E-4, 4.0E-4
0.0060, -0.0036, 0.0060, -0.034, 3.4E-4, -4.0E-4
0.0028, 0.0017, 0.0040, -0.0050, 0.0, -1.0E-4
0.0040, 0.0017, 0.0090, 0.01, 5.0E-5, -1.0E-4
-0.0051, 0.0039, 0.015, 0.013, -5.0E-4, 4.0E-4
0.0017, -2.0E-4, 0.03, -0.02, 1.8E-4, 1.0E-4
0.0046, 0.0032, 0.0060, 0.0, 9.0E-5, -1.0E-4
0.0050, 0.0031, 0.013, 0.026, -3.5E-4, 1.0E-4
0.0084, 4.0E-4, 0.0050, -0.021, 3.3E-4, -6.0E-4
-0.0055, 4.0E-4, 0.012, 0.0080, -2.9E-4, 5.0E-4
-0.0067, 0.0012, 0.01, -0.013, -3.0E-5, 2.0E-4
0.0077, 0.0012, 0.01, -0.01, 2.9E-4, -1.0E-4
0.0056, 9.0E-4, 0.013, 0.019, -3.3E-4, -1.0E-4
-0.0055, 7.0E-4, 0.014, 0.019, -4.0E-4, 1.0E-4
0.0039, -0.0016, 0.0, -0.019, 3.6E-4, -1.0E-4
-0.0059, 0.0026, 0.012, 0.011, -3.3E-4, 5.0E-4
0.0043, -8.0E-4, 0.0060, 0.0030, 2.8E-4, -3.0E-4
0.0068, 0.0027, 0.012, -0.023, 2.6E-4, -3.0E-4
0.0076, -5.0E-4, 0.0040, -0.0080, 2.6E-4, -1.0E-4
-0.0144, 0.0015, 0.0090, -0.0030, -1.9E-4, 2.0E-4
0.0061, 1.0E-4, 0.0040, -0.039, 5.3E-4, -2.0E-4
0.0109, 0.0043, 0.0050, -0.024, 9.0E-5, -1.0E-4
-0.0101, 9.0E-4, 0.012, 0.0040, -3.2E-4, 3.0E-4
0.0043, 7.0E-4, 0.0010, -0.0080, 2.7E-4, -5.0E-4
0.0048, -0.0026, 0.0010, -0.033, 5.1E-4, -1.0E-4
0.0026, 0.0017, 0.013, 0.011, -2.9E-4, -1.0E-4
-0.0081, 0.0019, 0.013, -0.011, -1.6E-4, 4.0E-4
0.0060, 2.0E-4, 0.011, -0.023, 1.5E-4, -1.0E-4
-0.0083, 0.0017, 0.012, 0.0040, -1.4E-4, 3.0E-4
0.0080, -1.0E-4, 0.01, -0.0070, 1.8E-4, -4.0E-4
0.0073, 5.0E-4, 0.0060, -0.0070, 4.0E-4, -5.0E-4
0.0051, 0.0022, 0.0070, 0.012, 8.0E-5, -3.0E-4
0.0017, 0.0015, 0.0080, 0.01, -4.0E-5, -3.0E-4
-0.0038, -0.0012, 0.0010, 0.024, -1.9E-4, 1.0E-4
0.0012, 0.0040, 0.01, 0.01, -6.0E-5, -2.0E-4
0.0071, 0.0016, 0.0040, -0.025, 1.4E-4, -5.0E-4
-0.0076, 3.0E-4, 0.011, -0.012, -1.3E-4, 4.0E-4
-0.0089, 0.0026, -0.0020, -0.01, -1.5E-4, 3.0E-4
-0.0076, 9.0E-4, 0.0090, 0.0050, -2.0E-5, 2.0E-4
-0.0070, 3.0E-4, 0.0060, -0.01, 1.4E-4, 1.0E-4
0.0086, 0.0012, 0.0070, 0.012, -1.4E-4, -1.0E-4
0.0089, 0.0014, 0.0090, 0.022, -1.8E-4, -1.0E-4
-6.0E-4, -4.0E-4, 0.01, 0.035, -2.0E-4, 1.0E-4
-0.0036, 0.0039, 0.017, -0.029, 2.8E-4, -1.0E-4
0.0051, 0.0018, 0.022, -0.0010, 1.8E-4, -4.0E-4
0.0051, 0.0030, 0.012, 0.01, -1.0E-4, -4.0E-4
0.0090, 4.0E-4, 0.012, 0.011, 1.5E-4, -1.0E-4
0.0032, 1.0E-4, 0.013, 0.01, 5.0E-5, -4.0E-4
0.0076, 0.0012, 0.013, 0.023, -2.2E-4, -2.0E-4
-0.0069, 0.0020, 0.01, -0.01, -2.7E-4, 3.0E-4
0.0114, 0.0059, 0.0080, -0.0070, 3.0E-5, -3.0E-4
-0.0042, 0.0011, 0.017, 0.018, -3.9E-4, 6.0E-4
-0.0116, 0.0014, 0.014, -0.0090, -1.9E-4, 4.0E-4
0.0028, -0.0034, 0.0020, -0.0040, 2.8E-4, -2.0E-4
-0.0109, 0.0017, 0.015, -0.0030, -6.0E-5, 1.0E-4
0.0023, 0.0017, 0.0060, 0.01, 1.9E-4, -3.0E-4
0.0050, 0.0021, 0.012, 0.034, -2.9E-4, -1.0E-4
-0.0099, 3.0E-4, 0.013, 0.027, -3.9E-4, 6.0E-4
0.0102, 0.0030, 0.01, 0.0090, 1.1E-4, -3.0E-4
0.0043, 0.0024, 0.0010, 0.01, 1.4E-4, -4.0E-4
-0.0068, 0.0057, 0.012, 0.0080, -2.2E-4, 3.0E-4
0.0077, 0.0032, 0.014, -0.0040, 1.5E-4, -3.0E-4
-0.0051, 0.0019, 0.015, 0.018, -2.3E-4, 1.0E-4
0.0032, 0.0013, 0.019, 0.01, -6.0E-5, -1.0E-4
-0.0046, -5.0E-4, 0.024, 0.0010, -5.0E-5, 1.0E-4
-0.0037, 1.0E-4, 0.022, -0.013, 6.0E-5, 2.0E-4
-7.0E-4, 6.0E-4, 0.0060, -0.01, 7.0E-5, 1.0E-4
0.0055, -5.0E-4, 0.011, -0.0030, 4.0E-5, -1.0E-4
-0.0039, 0.0023, 0.014, 0.0040, -1.2E-4, 1.0E-4
-0.0076, -7.0E-4, 0.014, 0.0030, -9.0E-5, 1.0E-4
0.0036, 0.0011, 0.011, -0.016, -1.0E-5, -1.0E-4
0.0045, 0.0016, 0.0, 0.0070, 8.0E-5, -1.0E-4
-0.0036, -0.0014, 0.0050, 0.0090, -1.3E-4, 1.0E-4
0.0094, -9.0E-4, 0.0070, -0.0070, 1.0E-4, -1.0E-4
0.0067, 0.0013, 0.0070, -0.0070, 8.0E-5, -1.0E-4
0.0043, 4.0E-4, 0.013, 0.019, -9.0E-5, -1.0E-4
-0.0083, -0.0010, 0.0090, 0.0010, -1.3E-4, 3.0E-4
0.0075, -6.0E-4, 0.0090, -0.0090, 3.0E-5, -2.0E-4
0.0030, 8.0E-4, 0.0060, 0.0090, -9.0E-5, -2.0E-4
-0.0048, 5.0E-4, 0.011, 0.0050, -1.2E-4, 1.0E-4
-0.0050, 3.0E-4, 0.011, 0.0030, -2.1E-4, 1.0E-4
0.0040, -0.0025, -0.0010, -0.0070, 1.7E-4, -1.0E-4
-2.0E-4, 8.0E-4, 0.01, -0.0090, 7.0E-5, 1.0E-4
-0.0037, -0.0012, 0.0090, 0.0070, -1.1E-4, 1.0E-4
-0.0098, -5.0E-4, 0.011, 0.01, -9.0E-5, 2.0E-4
0.0069, -3.0E-4, 0.0010, -0.0090, 1.8E-4, -1.0E-4
0.0032, 0.0033, 0.0070, -0.0050, -1.0E-5, -1.0E-4
0.0036, 8.0E-4, 0.0030, -0.0040, 1.0E-4, -1.0E-4
0.0026, 1.0E-4, 0.0060, 0.011, 3.0E-5, -1.0E-4
0.0043, -0.0048, 0.016, 0.015, -1.0E-5, -1.0E-4
0.0050, -0.0016, 0.0060, 0.011, -1.0E-5, -2.0E-4
-0.0042, 0.0023, 0.0090, 0.015, -3.2E-4, 2.0E-4
-0.0068, 0.0018, 0.012, 0.0060, -7.0E-5, 2.0E-4
0.0064, 0.0014, 0.0090, -0.0060, 5.0E-5, -2.0E-4
0.0042, 2.0E-4, 0.016, 0.014, 0.0, -2.0E-4
0.0037, -0.0011, 0.012, -0.0030, 8.0E-5, -1.0E-4
-0.0028, 1.0E-4, 0.0060, -0.013, -2.0E-5, 2.0E-4
-0.0051, 1.0E-4, 0.01, -0.0070, -2.0E-5, 1.0E-4
0.0032, -0.0011, 0.01, 0.011, -4.0E-5, -2.0E-4
-0.0020, 0.0033, 0.01, -0.011, 4.0E-5, 1.0E-4
0.0042, 6.0E-4, 0.017, -0.0080, 1.4E-4, 1.0E-4
0.0054, 0.0028, 0.026, -0.02, 1.6E-4, -1.0E-4
-0.0096, -0.0014, 0.01, -0.0090, -1.0E-4, 5.0E-4
-0.0073, 0.0027, 0.016, 0.0080, -1.4E-4, 3.0E-4
-0.0031, 0.0017, 0.014, -0.013, 8.0E-5, 1.0E-4
0.0066, 0.0032, 0.014, 0.015, -1.0E-4, -2.0E-4
-0.0102, 0.0037, 0.014, 0.017, -1.7E-4, 1.0E-4
0.0073, 0.0019, 0.0090, -0.024, 1.6E-4, -2.0E-4
0.0041, 6.0E-4, 0.0040, -0.016, 1.6E-4, -1.0E-4
-0.0080, 5.0E-4, 0.017, 0.013, -1.5E-4, 2.0E-4
-0.0134, 0.0031, 0.018, 0.0020, -4.0E-5, 1.0E-4
-0.0040, -4.0E-4, 0.011, 0.025, -2.8E-4, 1.0E-4
-0.0079, 0.0014, 0.014, 0.014, -1.8E-4, 3.0E-4
-7.0E-4, -0.0010, 0.013, -0.0090, 6.0E-5, 2.0E-4
-0.0051, -0.0039, 0.013, -0.012, 9.0E-5, 2.0E-4
0.0041, -1.0E-4, 0.013, 0.012, 1.0E-5, -2.0E-4
0.0050, -0.0012, 0.0080, -0.0080, 2.3E-4, -4.0E-4
-0.0062, 1.0E-4, 0.014, 0.0050, -2.0E-4, 3.0E-4
-0.0052, -4.0E-4, 0.012, 0.0040, -1.0E-4, 2.0E-4
-0.011, 6.0E-4, 0.0070, -0.0030, -3.3E-4, 4.0E-4
0.0034, 8.0E-4, 0.011, 0.031, -1.9E-4, -1.0E-4
-0.0055, 0.0011, 0.0070, -0.014, 0.0, 1.0E-4
-0.0019, -0.0010, 0.0050, -0.01, 3.0E-5, 1.0E-4
-0.0066, -4.0E-4, 0.01, -0.0010, -1.7E-4, 3.0E-4
-0.0034, 3.0E-4, 0.0050, -0.012, -1.0E-5, 1.0E-4
0.0051, 3.0E-4, 0.01, 0.022, 0.0, -2.0E-4
-0.0079, -4.0E-4, 0.011, 0.015, -2.2E-4, 2.0E-4
-0.0067, 8.0E-4, 0.0080, 0.0040, -2.6E-4, 4.0E-4
0.0061, -3.0E-4, 0.0070, -0.0060, 1.5E-4, -3.0E-4
0.0050, 0.0, 0.012, 0.0020, 3.0E-5, -2.0E-4
-0.0047, -0.0013, 0.0080, 0.0050, -1.0E-4, 2.0E-4
0.0043, 0.0, 0.0050, 0.0060, 6.0E-5, -1.0E-4
0.0052, -2.0E-4, 0.0090, -0.0040, 1.8E-4, -1.0E-4
-0.0056, -0.0012, 0.0060, -0.012, -3.0E-5, 1.0E-4
0.0032, 4.0E-4, 0.0080, -0.0070, 3.0E-5, -2.0E-4
-0.0083, -7.0E-4, 0.013, 0.0060, -2.3E-4, 3.0E-4
-0.0067, -5.0E-4, 0.011, -0.014, 1.8E-4, 2.0E-4
-0.0051, 2.0E-4, 0.0090, -0.012, -5.0E-5, 1.0E-4
0.0059, -5.0E-4, 0.0060, -0.0040, 9.0E-5, -2.0E-4
-0.0043, -0.0024, 0.0050, -0.01, 2.5E-4, -2.0E-4
-0.0035, 0.0021, 0.0060, -0.028, 1.6E-4, 1.0E-4
-0.0032, -0.0017, 0.0040, -0.01, 0.0, 2.0E-4
0.0040, 0.0021, 0.011, 0.028, -1.9E-4, -3.0E-4
-0.0063, -9.0E-4, 0.01, 0.026, -3.7E-4, 4.0E-4
-0.0062, 2.0E-4, 0.0090, 0.0060, -1.0E-5, 1.0E-4
0.0037, -0.0015, 0.014, -0.0020, 3.0E-5, -1.0E-4
-0.0016, -5.0E-4, 0.012, -0.01, -2.0E-5, 2.0E-4
-0.0012, 0.0015, 0.0050, -0.0090, 1.0E-5, 2.0E-4
-0.0067, 1.0E-4, 0.0050, -0.013, -1.3E-4, 3.0E-4
0.0037, 0.0032, 0.017, 0.01, -5.0E-5, -2.0E-4
0.0070, -2.0E-4, 0.0050, -0.0060, 1.0E-4, -2.0E-4
-0.0036, -0.0018, 0.018, 0.0060, -7.0E-5, 2.0E-4
0.0058, -9.0E-4, 0.0030, 0.015, 6.0E-5, -1.0E-4
0.0071, 0.0026, 0.013, 0.013, 1.2E-4, -3.0E-4
-0.0059, -6.0E-4, 0.017, 0.023, -1.9E-4, 2.0E-4
0.0027, 0.0014, 0.0070, 0.031, -1.7E-4, -1.0E-4
0.0066, 8.0E-4, 0.0050, 0.013, 8.0E-5, -2.0E-4
-0.0058, 0.0014, 0.019, 0.022, -9.0E-5, 1.0E-4
0.0049, -0.0012, 0.0020, 0.011, 7.0E-5, -1.0E-4
-0.0044, 4.0E-4, 0.017, 0.0030, -4.0E-5, 1.0E-4
-0.0059, 6.0E-4, 0.0080, 0.0030, -9.0E-5, 1.0E-4
0.0066, 0.0014, 0.011, 0.011, -2.0E-5, -2.0E-4
0.0096, 0.0035, 0.0090, -0.014, 1.3E-4, -1.0E-4
0.0062, 7.0E-4, 0.015, 0.03, -1.8E-4, -1.0E-4
0.0089, 0.0046, 0.0060, -0.0050, 1.0E-4, -1.0E-4
0.0087, 0.0046, 0.013, 0.011, -6.0E-5, -3.0E-4
-0.0059, 0.0019, 0.0090, 0.0010, -1.0E-4, 1.0E-4
-0.0035, 8.0E-4, 0.013, 0.024, -1.8E-4, 2.0E-4
-0.0086, 8.0E-4, 0.012, 0.024, -2.0E-5, 1.0E-4
0.0073, -5.0E-4, 0.0040, -0.019, 2.4E-4, -1.0E-4
6.0E-4, 0.0013, 0.013, 0.011, 1.0E-5, -2.0E-4
0.0141, 8.0E-4, 0.0040, 0.017, -6.0E-5, -4.0E-4
-0.0064, -8.0E-4, 0.0080, 0.0060, -1.9E-4, 5.0E-4
0.0070, -5.0E-4, 0.0050, -0.027, 5.4E-4, -6.0E-4
-0.0101, 0.0021, 0.016, 0.0050, -4.8E-4, 8.0E-4
0.0059, -1.0E-4, 0.0030, -0.02, 4.0E-4, -1.0E-4
-0.0055, 0.0010, 0.011, 0.018, -3.8E-4, -2.0E-4
-0.0069, -0.0032, 0.0090, -0.01, 3.6E-4, 2.0E-4
0.0074, -3.0E-4, 0.012, -0.0070, 3.1E-4, -6.0E-4
0.0097, -6.0E-4, 0.01, -0.0070, 4.8E-4, -0.0010
0.0078, 0.0018, 0.011, 0.016, 2.2E-4, -3.0E-4
0.0076, -0.0011, 0.0080, 0.031, -2.4E-4, -3.0E-4
0.0037, -6.0E-4, 0.0070, -0.025, 6.3E-4, -1.0E-4
0.0147, 0.0030, 0.01, 0.02, -8.0E-5, -8.0E-4
-0.0060, -3.0E-4, 0.0060, -0.013, 2.1E-4, 4.0E-4
0.0116, 0.0026, 0.0030, 0.019, -1.6E-4, -2.0E-4
-0.0088, 0.0015, 0.016, 0.0040, -1.6E-4, 3.0E-4
-0.0038, 8.0E-4, 0.01, -0.01, 1.8E-4, 3.0E-4
0.0011, 0.0021, 0.011, 0.01, 1.7E-4, -3.0E-4
-0.0058, 0.0052, 0.014, 0.0060, -1.9E-4, 2.0E-4
0.0012, 0.0010, 0.013, 0.01, -1.0E-5, -1.0E-4
0.0035, 3.0E-4, 0.011, 0.0080, -1.0E-5, 1.0E-4
0.0058, 0.0024, 0.0070, -0.0010, 1.2E-4, -1.0E-4
0.0090, -0.0026, 0.01, -0.0020, 2.5E-4, -3.0E-4
0.0075, 0.0024, 0.01, 0.036, -1.3E-4, -1.0E-4
-0.0053, 0.0015, 0.013, 0.0070, -1.3E-4, 1.0E-4
0.0036, 0.0020, 0.0040, -0.0070, 8.0E-5, -1.0E-4
-0.0040, -0.0018, 0.013, 0.0070, -6.0E-5, 3.0E-4
0.0076, 0.0016, 0.0050, 0.0090, 3.0E-5, -1.0E-4
0.0060, -1.0E-4, 0.0040, 0.03, -1.1E-4, -2.0E-4
-0.0114, 0.0038, 0.0080, 0.014, -2.5E-4, 2.0E-4
0.0073, 0.0020, 0.015, 0.011, 3.0E-5, -1.0E-4
0.0088, 0.0026, 0.0070, -0.023, 3.7E-4, -6.0E-4
-0.0020, 1.0E-4, 0.011, -0.01, 2.0E-5, 1.0E-4
0.0037, 0.0030, 0.011, -0.0070, 1.3E-4, -2.0E-4
-0.0062, -5.0E-4, 0.01, 0.0060, -2.6E-4, 3.0E-4
-0.0045, 0.0011, 0.015, 0.0, -2.5E-4, 3.0E-4
-0.0043, 0.0016, 0.014, -0.014, 8.0E-5, 2.0E-4
-0.0044, 7.0E-4, 0.014, 0.0070, -1.3E-4, 4.0E-4
-0.0051, 0.0024, 0.0070, -0.014, -3.0E-5, 2.0E-4
0.0061, 0.0030, 0.0070, -0.024, 2.7E-4, -3.0E-4
-0.0053, 0.0022, 0.01, 0.0050, -2.0E-5, 1.0E-4
0.0052, 0.0011, 0.0040, 0.012, -1.0E-5, -2.0E-4
-0.0062, 0.0025, 0.012, 0.0060, -9.0E-5, 2.0E-4
-0.0142, -7.0E-4, 0.0070, -0.013, 1.0E-4, 1.0E-4
0.0102, 0.0018, 0.0020, -0.029, 4.2E-4, -2.0E-4
-0.0117, 0.0037, 0.012, 0.012, -6.9E-4, 8.0E-4
-0.0082, -1.0E-4, 0.011, 0.0050, -1.7E-4, 4.0E-4
0.0082, 0.0040, 0.0030, -0.0050, 2.9E-4, -4.0E-4
-0.0048, 0.0016, 0.011, -0.0040, -2.1E-4, 2.0E-4
-0.0037, 0.0031, 0.023, -0.019, -2.3E-4, 3.0E-4
0.0064, -1.0E-4, 0.01, -0.0050, 2.7E-4, -7.0E-4
0.0073, -0.0011, 0.0050, -0.0090, 3.7E-4, -3.0E-4
3.0E-4, 0.0027, 0.014, 0.0090, 2.0E-4, -2.0E-4
0.0095, 0.0041, 0.0080, -0.0010, 1.5E-4, -5.0E-4
-0.0075, -6.0E-4, 0.016, 0.0040, -5.0E-5, 2.0E-4
-0.0051, 2.0E-4, 0.0080, 0.0050, -2.0E-4, 5.0E-4
-0.0052, 0.0027, 0.0080, 0.045, -3.1E-4, 5.0E-4
-0.0010, 0.0018, 0.01, 0.028, 2.6E-4, -3.0E-4
0.0080, 0.0011, 0.0060, -0.012, 4.4E-4, -4.0E-4
0.0113, 0.0012, 0.01, 0.016, 2.7E-4, -4.0E-4
-0.0093, 0.0012, 0.0080, -0.011, 1.4E-4, 5.0E-4
-0.0090, 0.0030, 0.019, 0.0090, -4.3E-4, 6.0E-4
0.0096, -7.0E-4, 0.0050, -0.0030, 4.2E-4, -7.0E-4
0.0032, -0.0012, 0.026, -0.0040, 0.0, -3.0E-4
-0.0025, 4.0E-4, 0.02, -0.011, -1.0E-5, 3.0E-4
0.0036, 3.0E-4, 0.02, -0.0090, 1.3E-4, -2.0E-4
0.0026, -5.0E-4, 0.011, 0.011, 0.0, -1.0E-4
0.0039, 0.0, 0.013, -0.0080, 9.0E-5, -3.0E-4
-0.0058, 8.0E-4, 0.0090, 0.0060, -1.8E-4, 2.0E-4
0.0070, -0.0012, 0.019, 0.012, 8.0E-5, -2.0E-4
-0.0086, 6.0E-4, 0.017, -0.033, 8.0E-5, 1.0E-4
0.0086, 0.0037, 0.0040, 0.0010, 2.6E-4, -4.0E-4
-0.013, 0.0017, 0.017, -0.0010, -3.6E-4, 9.0E-4
-0.0036, 0.0016, 0.016, 0.042, -3.1E-4, 6.0E-4
0.0026, 0.0015, 0.012, 0.045, -3.1E-4, -2.0E-4
-0.0069, 0.0, 0.011, 0.041, -4.4E-4, 5.0E-4
0.0059, -5.0E-4, 0.0050, 0.014, -3.6E-4, -4.0E-4
-0.0036, 7.0E-4, 0.0080, -0.0020, -2.2E-4, 4.0E-4
0.0075, -7.0E-4, 0.0030, -0.023, 3.3E-4, -5.0E-4
-0.0096, 0.0027, 0.0090, -0.014, -2.5E-4, 6.0E-4
0.0105, 0.0011, 0.016, -0.023, 3.8E-4, -3.0E-4
0.0073, 6.0E-4, 0.017, 0.029, -3.9E-4, -1.0E-4
-0.0089, -0.0019, 0.0090, 0.024, -4.0E-4, 4.0E-4
-0.0065, -0.0033, 0.014, 0.0020, -1.0E-4, 2.0E-4
0.0038, -0.0041, 0.0, -0.0030, 4.3E-4, -2.0E-4
-0.0058, -5.0E-4, 0.014, 0.022, -8.0E-5, 2.0E-4
-0.0058, 1.0E-4, 0.011, 0.017, -2.1E-4, 1.0E-4
0.0029, 5.0E-4, 0.011, 0.0090, 8.0E-5, -5.0E-4
-0.0035, 0.0025, 0.015, 0.029, -2.9E-4, 3.0E-4
0.0077, 0.0032, 0.0090, -0.0060, 1.9E-4, -3.0E-4
0.0151, 1.0E-4, 0.0070, -0.015, 3.1E-4, -3.0E-4
0.0116, -5.0E-4, 0.0010, -0.039, 6.4E-4, -2.0E-4
0.0037, -7.0E-4, 0.0070, -0.012, -1.0E-5, 1.0E-4
-0.0074, 0.0014, 0.015, -0.017, -3.0E-5, 1.0E-4
0.0053, -1.0E-4, 0.0030, -0.0040, 1.2E-4, -3.0E-4
-0.0075, 0.0030, 0.0090, 0.0020, -1.2E-4, 2.0E-4
0.0057, -3.0E-4, 0.014, -0.0070, 7.0E-5, -1.0E-4
-0.0064, 7.0E-4, 0.0050, 0.0080, -2.5E-4, 2.0E-4
-0.0054, 6.0E-4, 0.0060, -0.015, -4.0E-5, 2.0E-4
-0.0044, -0.0030, 0.0050, -0.0070, -8.0E-5, -1.0E-4
0.0050, 0.0023, 0.0040, -0.021, 1.0E-4, -2.0E-4
-0.0029, 0.0016, 0.014, -0.021, 9.0E-5, 1.0E-4
0.0050, 0.0010, 0.016, 0.011, -3.0E-5, -2.0E-4
-0.0071, -0.0012, 0.014, 0.0060, -1.5E-4, 4.0E-4
-0.0047, -4.0E-4, 0.011, -0.012, 1.7E-4, 1.0E-4
-0.0054, -0.0013, 0.013, 0.022, -1.4E-4, 2.0E-4
-0.0053, -6.0E-4, 0.01, 0.0060, -6.0E-5, 1.0E-4
0.0081, 0.0016, 0.011, 0.016, 0.0, -1.0E-4
0.0068, 0.0019, 0.013, 0.027, -1.4E-4, -1.0E-4
-0.0043, 3.0E-4, 0.013, 0.015, -8.0E-5, -1.0E-4
0.0012, -3.0E-4, 0.0060, 0.045, -1.3E-4, -1.0E-4
-0.0047, 0.0, 0.0060, 0.039, -1.7E-4, 1.0E-4
0.0042, -0.0013, 0.0090, 0.0, 2.0E-4, -2.0E-4
-9.0E-4, 0.0016, 0.0080, -0.01, 1.3E-4, 1.0E-4
0.0020, -7.0E-4, 0.013, 0.0090, -1.0E-4, -2.0E-4
-0.0070, 9.0E-4, 0.0080, 0.0030, -5.0E-5, 1.0E-4
-0.0063, 0.0, 0.0090, 0.0, -4.0E-5, 1.0E-4
0.0069, 0.0029, 0.01, 0.013, -4.0E-5, 1.0E-4
0.0054, 4.0E-4, 0.0090, -0.0060, 1.5E-4, -1.0E-4
0.0053, 0.0011, 0.011, -0.023, 6.0E-5, -2.0E-4
-0.0059, -1.0E-4, 0.013, -0.0090, -2.8E-4, 2.0E-4
0.0065, 4.0E-4, 0.0090, -0.0060, 2.3E-4, -4.0E-4
-0.0037, -0.0016, 0.0090, -0.011, 0.0, 1.0E-4
-0.0078, -0.0010, 0.0080, 0.0020, -2.9E-4, 4.0E-4
0.0070, 1.0E-4, 0.0060, -0.0040, 7.0E-5, -1.0E-4
-0.0062, 5.0E-4, 0.017, 0.021, -1.7E-4, 3.0E-4
-0.0040, 0.0042, 0.02, 0.0050, -3.0E-5, 1.0E-4
0.0044, -0.0026, 0.015, -0.0040, 1.1E-4, -1.0E-4
0.0045, 0.0018, 0.0090, 0.01, -1.0E-5, -2.0E-4
-0.0057, 0.0018, 0.015, 0.013, -1.9E-4, 1.0E-4
-0.0071, -0.0016, 0.0090, -0.013, 6.0E-5, 1.0E-4
0.0047, 7.0E-4, 0.0040, -0.0030, 1.7E-4, -2.0E-4
-0.0033, -0.0012, 0.0070, -0.012, -2.0E-5, 1.0E-4
-0.0060, 0.0011, 0.012, 0.0020, -1.1E-4, 1.0E-4
0.0032, -0.0014, 0.0070, 0.011, 3.0E-5, -3.0E-4
0.0032, 0.0020, 0.0090, -0.0040, 3.0E-5, 1.0E-4
-0.0039, -0.0017, 0.0090, 0.0070, -7.0E-5, 2.0E-4
-0.0040, -0.0016, 0.01, 0.017, -1.5E-4, 2.0E-4
0.0045, 8.0E-4, 0.0070, -0.0050, 6.0E-5, -1.0E-4
-0.0062, -0.0022, 0.0070, 0.0040, -1.3E-4, 2.0E-4
0.0041, 5.0E-4, 0.0070, 0.01, -9.0E-5, -2.0E-4
0.0071, 0.0025, 0.0090, 0.014, 4.0E-5, -2.0E-4
0.0048, 5.0E-4, 0.0040, 0.015, 3.0E-5, -1.0E-4
-0.0040, 0.0013, 0.013, 0.023, -2.9E-4, 2.0E-4
0.0039, 0.0032, 0.0080, -0.013, 2.7E-4, -1.0E-4
0.0065, 0.0043, 0.01, -0.0060, 1.5E-4, -5.0E-4
0.0102, 0.0051, 0.014, -0.0030, 1.5E-4, -4.0E-4
-0.0081, 8.0E-4, 0.014, 0.0070, -1.7E-4, -1.0E-4
0.0037, 0.0029, 0.017, 0.028, -1.9E-4, -2.0E-4
0.0072, 0.0018, 0.013, 0.029, 8.0E-5, -3.0E-4
-0.0055, 0.0033, 0.016, 0.0090, -2.0E-4, 4.0E-4
-0.0062, 0.0036, 0.011, 0.0050, -2.9E-4, 8.0E-4
0.0060, 0.0028, 0.02, -0.0090, 1.8E-4, -3.0E-4
-0.0061, 0.0014, 0.019, 0.0050, -1.5E-4, 4.0E-4
-5.0E-4, 0.0030, 0.02, -0.01, 1.2E-4, 3.0E-4
0.0054, -0.0024, 0.013, -0.0050, 2.8E-4, -5.0E-4
0.0039, 0.0013, 0.012, 0.011, -4.0E-5, -3.0E-4
-0.0052, 0.0, 0.012, 0.0070, -1.5E-4, 4.0E-4
-0.0054, -4.0E-4, 0.014, 0.0010, -9.0E-5, 1.0E-4
-0.0045, -6.0E-4, 0.01, -0.012, 7.0E-5, 2.0E-4
0.0061, -0.0012, 0.0090, -0.0040, 7.0E-5, -1.0E-4
0.0031, -0.0012, 0.0090, -0.0080, 1.5E-4, -3.0E-4
0.0059, 0.0041, 0.0050, -0.0040, 8.0E-5, -1.0E-4
0.0059, 0.0040, 0.012, 0.011, -3.0E-5, -2.0E-4
0.0040, 0.0023, 0.0050, -0.0060, 2.0E-4, -3.0E-4
-0.0077, 2.0E-4, 0.016, 0.022, -2.6E-4, 5.0E-4
0.0061, 7.0E-4, 0.0030, 0.013, 5.0E-5, -1.0E-4
0.0031, 0.0031, 0.01, 0.028, -1.2E-4, -3.0E-4
0.0059, -3.0E-4, 0.0030, -0.011, 2.3E-4, -1.0E-4
0.0046, 0.0017, 0.0020, -0.0030, 2.0E-4, -2.0E-4
0.0084, 0.0011, 0.0050, -0.0060, 1.4E-4, -1.0E-4
0.0071, 0.0023, 0.0080, 0.015, -9.0E-5, -3.0E-4
-0.0036, 0.0016, 0.0090, 0.0070, -6.0E-5, 1.0E-4
0.0038, 0.0022, 0.0070, -0.0090, 1.8E-4, -1.0E-4
-0.0053, -1.0E-4, 0.01, 0.0070, -1.6E-4, 2.0E-4
-0.0064, -6.0E-4, 0.0090, 0.0050, -4.3E-4, 4.0E-4
0.0057, -3.0E-4, 0.011, -0.0050, 6.0E-5, -1.0E-4
0.0053, 0.0017, 0.012, 0.027, -1.8E-4, -3.0E-4
0.0069, -8.0E-4, 0.0050, -0.014, 2.9E-4, -2.0E-4
0.0051, 0.0056, 0.011, -0.0040, 2.1E-4, -3.0E-4
0.0057, 0.0052, 0.015, 0.01, -4.0E-5, -4.0E-4
-0.0050, 6.0E-4, 0.018, 0.0090, -2.4E-4, 8.0E-4
0.0059, 0.0029, 0.015, 0.017, -1.7E-4, -3.0E-4
0.0121, 0.0018, 0.017, -0.019, 4.7E-4, -5.0E-4
0.0135, 0.0037, 0.018, 0.012, -1.4E-4, -3.0E-4
0.0077, 0.0032, 0.02, 0.031, -3.7E-4, -2.0E-4
0.0112, 0.0032, 0.0050, 0.0030, 2.0E-4, -3.0E-4
-0.0066, 0.0038, 0.0070, 0.0060, -1.0E-4, 4.0E-4
-5.0E-4, 0.0030, 0.0020, -0.0090, 6.0E-5, 2.0E-4
0.0066, 0.0033, 0.017, -0.024, 4.0E-4, -4.0E-4
-0.0117, 0.0019, 0.0060, 0.0030, -3.4E-4, 5.0E-4
0.0052, 4.0E-4, -0.0010, -0.026, 3.6E-4, 1.0E-4
0.0040, 0.0026, 0.02, -0.013, 2.4E-4, 1.0E-4
0.0046, 0.0034, 0.022, 0.013, -2.1E-4, -3.0E-4
-0.0054, 0.0031, 0.021, -0.013, 2.1E-4, 1.0E-4
0.0059, 0.0030, 0.018, 0.01, -1.3E-4, -2.0E-4
-0.0072, 0.0035, 0.015, -0.013, 2.0E-5, 4.0E-4
-0.0067, -0.0017, 0.027, 0.0060, -2.4E-4, 7.0E-4
0.0045, 0.0018, 0.0010, -0.0020, 3.0E-5, -1.0E-4
1.0E-4, 0.0014, 0.017, -0.0090, 6.0E-5, 3.0E-4
0.0040, 0.0039, 0.0080, 0.016, -4.0E-5, -1.0E-4
0.0047, -0.0016, 0.0010, 0.042, -2.7E-4, -1.0E-4
-0.0056, 0.0044, 0.0050, 0.042, -3.7E-4, 1.0E-4
0.0046, 0.0023, 0.013, -0.014, 2.5E-4, -2.0E-4
0.0062, 8.0E-4, 0.021, 0.026, -1.3E-4, -1.0E-4
0.0056, 0.0023, 0.0, -0.0050, 2.2E-4, -2.0E-4
-0.0056, -9.0E-4, 0.013, 0.0060, -4.0E-5, 2.0E-4
-0.0033, 0.0036, 0.021, -0.011, -5.0E-5, 3.0E-4
0.0083, 0.0022, 0.0070, -0.0020, 3.9E-4, -4.0E-4
-0.0048, 0.0037, 0.0030, -0.01, -3.0E-5, 1.0E-4
0.0037, -7.0E-4, 0.014, -0.0060, 8.0E-5, -3.0E-4
0.0091, 0.0012, 0.0050, -0.0040, 1.9E-4, -2.0E-4
-0.0022, 0.0027, 0.026, -0.028, 0.0, 4.0E-4
-0.0034, -0.0015, 0.015, 0.014, -2.0E-4, 3.0E-4
-0.0010, -0.0017, 0.01, -0.0090, 6.0E-5, -1.0E-4
-0.0045, 0.0051, 0.011, -0.026, -1.8E-4, 4.0E-4
-0.0043, 0.0014, 0.012, -0.0030, -1.1E-4, 1.0E-4
-0.0022, 0.0035, 0.033, -0.024, 6.0E-5, 2.0E-4
0.0043, 0.0032, 0.021, -0.0090, 1.6E-4, -3.0E-4
-0.0024, 0.0013, 0.02, -0.011, -7.0E-5, 3.0E-4
-0.0051, -0.0011, 0.012, 0.0020, -7.0E-5, 3.0E-4
-0.0044, 0.0012, 0.013, -0.012, 6.0E-5, 1.0E-4
-0.0065, 3.0E-4, 0.013, -0.028, 1.1E-4, 3.0E-4
0.0118, -6.0E-4, 0.0070, -0.0030, 1.2E-4, -5.0E-4
-0.0038, 0.0016, 0.017, -0.0020, -7.0E-5, 1.0E-4
0.0061, -0.0019, 0.0080, -0.0020, 1.5E-4, -2.0E-4
-0.0044, -9.0E-4, 0.0060, 0.0070, -9.0E-5, 2.0E-4
0.0048, -4.0E-4, 0.0040, 0.01, 3.0E-5, -1.0E-4
-0.0031, 0.0013, 0.0050, -0.013, 4.0E-5, 1.0E-4
0.0051, 0.0010, 0.0030, -0.0030, 1.3E-4, -2.0E-4
0.0044, -0.0012, 0.0050, -0.0060, 2.2E-4, -1.0E-4
-0.0046, 0.0015, 0.012, 0.022, -1.7E-4, 2.0E-4
-0.0029, -4.0E-4, 0.0050, -0.011, 0.0, 2.0E-4
-0.0024, 0.0018, 0.01, -0.01, -8.0E-5, 3.0E-4
0.0048, 0.0010, 0.012, -0.0080, 1.8E-4, -2.0E-4
0.0039, 6.0E-4, 0.011, -0.0060, 4.0E-5, -1.0E-4
-0.0043, -6.0E-4, 0.011, 0.0060, -2.6E-4, 3.0E-4
0.0073, 0.0015, 0.0080, 0.013, -2.0E-5, -1.0E-4
0.0054, 0.0024, 0.012, 0.025, -1.4E-4, -1.0E-4
-0.0030, 0.0018, 0.011, -0.011, 8.0E-5, 1.0E-4
0.0072, 0.0024, -0.0020, 0.013, 2.0E-5, -1.0E-4
-0.0065, 0.0011, 0.018, 0.025, -3.3E-4, 1.0E-4
-0.0132, -4.0E-4, 0.015, 0.0010, -6.0E-5, 4.0E-4
0.0038, 1.0E-4, 0.0070, 0.013, 2.0E-5, -1.0E-4
-0.0036, -0.0010, 0.0080, -0.013, 1.9E-4, 1.0E-4
0.0015, 6.0E-4, 0.0080, 0.01, -1.4E-4, -2.0E-4
-0.0041, 0.0010, 0.0090, 0.0070, -2.8E-4, 4.0E-4
-0.0034, 7.0E-4, 0.012, 0.0070, -6.0E-5, 1.0E-4
-0.0066, 0.0012, 0.0060, 0.0020, -1.9E-4, 1.0E-4
0.0038, -6.0E-4, 0.011, 0.0070, 9.0E-5, 1.0E-4
-0.0033, 7.0E-4, 0.0050, -0.011, 9.0E-5, 2.0E-4
0.0043, 0.0076, 0.019, -0.014, 9.0E-5, 1.0E-4
-0.0041, 7.0E-4, 0.0070, 0.025, -3.3E-4, 5.0E-4
-0.0086, 0.0051, 0.016, -0.01, 7.0E-5, 1.0E-4
0.0073, 9.0E-4, 0.013, -0.024, 3.4E-4, -2.0E-4
-0.0060, 0.0024, 0.015, -0.011, -1.1E-4, 4.0E-4
0.0090, 0.0057, 0.018, -0.0080, 1.7E-4, -4.0E-4
0.0036, 0.0038, 0.01, -0.016, 2.3E-4, 1.0E-4
-0.0103, 0.0046, 0.017, 0.0030, -1.7E-4, 5.0E-4
0.0139, 0.0062, 0.0080, 0.019, -1.0E-4, -2.0E-4
0.0015, 0.0036, 0.01, 0.028, -1.2E-4, -1.0E-4
-8.0E-4, 0.0028, 0.01, 0.029, -1.8E-4, -2.0E-4
0.0087, 0.0041, 0.011, -0.0050, 1.9E-4, -5.0E-4
0.0054, -0.0021, 0.023, -0.0050, 2.0E-5, -3.0E-4
0.0052, -1.0E-4, 0.016, -0.024, 3.9E-4, -5.0E-4
0.0056, 0.0019, 0.01, -0.0070, 2.4E-4, -5.0E-4
0.0035, 0.0016, 0.0070, 0.018, -1.0E-5, -4.0E-4
-5.0E-4, 0.0018, 0.016, -0.01, -1.6E-4, 2.0E-4
0.0064, 0.0017, 0.017, -0.027, 2.0E-4, 1.0E-4
0.0112, 0.0, 0.014, -0.01, 2.2E-4, -7.0E-4
0.0045, 0.0023, 0.011, 0.011, -6.0E-5, -2.0E-4
4.0E-4, 0.0022, 0.0060, 0.01, -4.0E-5, -2.0E-4
-0.0061, -0.0015, 0.011, 0.0080, -8.0E-5, 2.0E-4
-0.0071, 8.0E-4, 0.011, 0.0050, -2.4E-4, 1.0E-4
0.0085, 9.0E-4, 0.0060, 0.026, 4.0E-5, -2.0E-4
-0.0096, 0.0023, 0.011, 0.037, -6.8E-4, 6.0E-4
0.0028, 3.0E-4, 0.0090, 0.01, 3.0E-5, -3.0E-4
-0.0037, 2.0E-4, 0.0090, 0.0090, -1.2E-4, 2.0E-4
-0.0043, 8.0E-4, 0.011, 0.0090, -1.8E-4, 5.0E-4
0.0061, 0.0036, 0.0020, -0.0050, 1.9E-4, -3.0E-4
-0.0017, 0.0011, 0.01, -0.01, -1.0E-5, 1.0E-4
0.0042, 5.0E-4, 0.0090, -0.033, 2.7E-4, -3.0E-4
-0.0046, 0.0021, 0.011, -0.011, -7.0E-5, 2.0E-4
0.0032, 0.0010, 0.016, 0.01, 3.0E-5, -1.0E-4
0.0040, 9.0E-4, 0.012, 0.01, 2.0E-5, -1.0E-4
-0.0096, 0.0024, 0.027, -0.01, -1.4E-4, 9.0E-4
0.0053, 7.0E-4, 0.016, 0.026, -3.8E-4, 2.0E-4
-0.0064, 0.0024, 0.018, 0.0060, -2.2E-4, 3.0E-4
-0.0065, 0.0022, 0.013, -0.013, 5.0E-5, 5.0E-4
-0.0045, 9.0E-4, 0.021, 0.0050, -3.0E-5, 2.0E-4
0.0053, 0.0016, 0.019, -0.025, 1.7E-4, -3.0E-4
0.0035, 0.0013, 0.017, 0.017, -1.3E-4, -2.0E-4
0.0049, 9.0E-4, 0.0090, -0.028, 6.9E-4, -3.0E-4
-0.0022, 0.0017, 0.013, -0.01, -9.0E-5, 5.0E-4
-0.0052, 0.0036, 0.019, 0.0090, -3.4E-4, 1.0E-4
0.0048, 0.0017, 0.013, -0.021, 2.6E-4, -2.0E-4
7.0E-4, -0.0017, -0.0020, 0.011, 8.0E-5, -1.0E-4
0.0095, 7.0E-4, 0.01, 0.021, -2.2E-4, -2.0E-4
-0.0043, 0.0035, 0.0080, 0.0060, -2.2E-4, 3.0E-4
0.0069, 9.0E-4, 0.0080, 0.022, 1.0E-5, -2.0E-4
-0.0056, 0.0016, 0.0090, 0.025, -1.3E-4, 2.0E-4
-0.0079, 1.0E-4, 0.014, 0.0060, -1.6E-4, 5.0E-4
0.0024, 5.0E-4, 0.0020, 0.028, -4.0E-5, -1.0E-4
-7.0E-4, -6.0E-4, 0.0070, -0.01, 2.2E-4, 2.0E-4
-0.0056, 0.0060, 0.012, 0.012, -8.0E-4, 2.0E-4
-0.0036, 7.0E-4, 0.017, -0.0030, -4.0E-5, 2.0E-4
0.0069, -1.0E-4, 0.0060, -0.0080, 2.0E-4, -1.0E-4
-0.0013, 7.0E-4, 0.0060, -0.0090, 7.0E-5, 1.0E-4
0.0059, 0.0024, 0.0070, 0.012, -1.3E-4, -1.0E-4
-0.0055, -0.0014, 0.011, 0.0050, -6.0E-5, 2.0E-4
-0.0020, -0.0042, 0.0070, -0.012, 1.3E-4, 1.0E-4
0.0063, 4.0E-4, 0.015, -0.0010, 1.7E-4, -2.0E-4
0.0080, 0.0013, 0.0080, 0.015, -7.0E-5, -1.0E-4
0.0053, 0.0012, 0.015, 0.012, -4.0E-5, -1.0E-4
0.0036, 0.0, 0.0060, -0.033, 2.5E-4, -2.0E-4
0.0021, -0.0017, 0.0060, 0.0090, 4.0E-5, -2.0E-4
0.0022, 0.0014, 0.013, 0.011, -2.0E-5, -2.0E-4
-0.0065, 1.0E-4, 0.013, 0.0030, -2.0E-4, 2.0E-4
0.0038, 0.0017, 0.01, 0.012, -1.1E-4, -2.0E-4
-0.0061, 0.0, 0.013, 0.0050, -1.6E-4, 3.0E-4
-0.0069, -0.0018, 0.0090, 0.0070, -1.5E-4, 2.0E-4
0.0047, 4.0E-4, 0.0070, -0.016, 1.9E-4, -1.0E-4
0.0057, 0.0019, 0.014, 0.016, -2.3E-4, -1.0E-4
-0.0077, -0.0010, 0.016, 0.0020, -8.0E-5, 2.0E-4
-0.0052, -0.0016, 0.0020, 0.0050, -1.0E-4, 1.0E-4
0.0033, 0.0019, 0.013, -0.0070, 7.0E-5, -1.0E-4
0.0048, 0.0010, 0.0010, 0.012, -7.0E-5, -1.0E-4
-0.0046, 0.0, 0.012, -0.011, 1.3E-4, 1.0E-4
0.0060, 0.0011, 0.0060, 0.016, 2.0E-5, -1.0E-4
0.0049, -6.0E-4, 0.0050, 0.011, -2.0E-5, -1.0E-4
-0.0026, 2.0E-4, 0.0080, -0.012, 1.2E-4, 1.0E-4
0.0042, 0.0011, 0.021, -0.0060, -1.0E-5, -1.0E-4
-0.0044, -0.0017, -0.0020, -0.028, 1.3E-4, 1.0E-4
0.0087, 0.0044, 0.0030, -0.017, 1.8E-4, -2.0E-4
0.0055, 4.0E-4, 0.0090, 0.017, -5.0E-5, -2.0E-4
0.0090, 0.0011, 0.011, -0.023, 1.8E-4, -1.0E-4
-0.0098, -0.0012, 0.0090, 0.0080, -4.0E-4, 4.0E-4
-0.0107, -5.0E-4, 0.0070, -0.013, 1.2E-4, 2.0E-4
-0.0061, 0.0023, 0.0080, 0.0040, -1.6E-4, 1.0E-4
0.0106, -0.0045, 0.017, 0.0050, 8.0E-5, -1.0E-4
0.0039, -0.0010, 0.011, 0.013, -1.7E-4, -3.0E-4
-0.0056, -6.0E-4, 0.0060, -0.028, 2.6E-4, 1.0E-4
0.0073, -6.0E-4, 0.0020, -0.0050, 1.1E-4, -1.0E-4
0.0062, 0.0048, 0.0030, 0.013, -9.0E-5, -1.0E-4
-0.0063, -0.0015, 0.014, 0.0050, -5.0E-5, 1.0E-4
0.0050, 9.0E-4, 0.0040, -0.0040, 1.9E-4, -1.0E-4
0.0065, -0.0021, 0.0050, 0.04, -1.5E-4, -1.0E-4
0.0038, -5.0E-4, -0.0010, -0.0070, 1.7E-4, -2.0E-4
0.0019, 0.0016, 0.0070, 0.011, 9.0E-5, -3.0E-4
0.0043, 0.0021, 0.01, -0.013, 2.0E-5, 1.0E-4
-0.0035, 0.0023, 0.02, 0.023, -1.0E-4, 1.0E-4
0.0051, 0.0014, 0.01, 0.0040, 1.5E-4, -2.0E-4
-0.0093, 0.0026, 0.018, 0.014, -1.4E-4, 2.0E-4
0.0059, 0.0027, 0.01, 0.011, -4.0E-5, -1.0E-4
-0.0141, 1.0E-4, 0.011, -0.0010, -3.0E-4, 5.0E-4
0.0101, 0.0064, 0.011, -0.027, 1.2E-4, -2.0E-4
-0.0067, 0.0038, 0.011, -0.011, 3.0E-5, 1.0E-4
-0.0066, 7.0E-4, 0.011, 0.01, -3.0E-4, 6.0E-4
0.0043, 7.0E-4, 0.0030, 0.0050, 2.0E-4, -2.0E-4
-0.0039, 0.0012, 0.01, 0.016, -5.0E-5, -1.0E-4
0.0047, 0.0011, 0.0050, 0.021, -4.0E-5, -1.0E-4
0.0058, 0.0016, 0.0090, -0.0070, 3.3E-4, -4.0E-4
0.0075, 0.0042, 0.01, 0.027, -1.9E-4, -1.0E-4
-0.0062, 0.0033, 0.013, 0.029, -1.0E-4, -3.0E-4
-0.0042, 0.0038, 0.016, 0.019, -3.1E-4, 1.0E-4
-0.0089, 9.0E-4, 0.017, 0.0040, -1.9E-4, 4.0E-4
-0.0051, 0.0010, 0.015, -0.014, 3.1E-4, 1.0E-4
0.0012, 0.0048, 0.0010, 0.03, -1.5E-4, -2.0E-4
-0.0080, 0.0031, 0.012, 0.013, -1.0E-4, 2.0E-4
-0.0109, -6.0E-4, 0.0060, -0.011, -1.7E-4, 4.0E-4
-0.0061, -0.0010, 0.011, 0.0040, -1.8E-4, 6.0E-4
0.0104, 0.0018, 0.0030, 0.013, 2.3E-4, -6.0E-4
-0.0065, 0.0036, 0.01, 0.03, -7.9E-4, 0.0011
0.0056, -2.0E-4, 0.013, 0.029, 1.3E-4, -3.0E-4
-0.0038, 0.0016, 0.021, -0.029, 1.2E-4, 2.0E-4
-0.0048, 0.0023, 0.016, -0.013, -1.0E-4, 2.0E-4
-0.0027, 2.0E-4, 0.018, -0.028, 9.0E-5, 2.0E-4
0.0047, -0.0028, 0.01, -0.018, 1.6E-4, -1.0E-4
0.0068, 0.0011, 0.011, -0.0060, 6.0E-5, -2.0E-4
0.0041, 0.0013, 0.018, -0.015, 1.6E-4, 1.0E-4
